sum0 =  0.517393006514
p0 =  [ 0.00004151  0.00004576  0.00094504  0.00072226  0.00000061  0.00000040 \\
  0.00000003  0.00000001  0.00001657  0.00000964  0.00000091  0.00000023 \\
  0.00000191  0.00025510  0.00000004  0.00009247  0.00004484  0.37683568 \\
  0.00000080  0.13833913  0.00000016  0.00000127  0.00000008  0.00000004 \\
  0.00000000  0.00000003  0.00000000  0.00000000  0.00000371  0.00002908 \\
  0.00000390  0.00000100  0.00000007  0.00000052  0.00000017  0.00000002] \\
p1 =  [ 0.00000762  0.00000503  0.00000575  0.00000513  0.00000745  0.00000529 \\
  0.00000380  0.00000374  0.00000020  0.00000013  0.00000003  0.00000000 \\
  0.00000001  0.00000000  0.00000000  0.00000000  0.00000023  0.00000013 \\
  0.00000004  0.00000001  0.00000002  0.00000000  0.00000001  0.00000000 \\
  0.00000060  0.00036363  0.00000001  0.00017679  0.00000001  0.00013295 \\
  0.00000000  0.00006466  0.00000061  0.01342738  0.00000002  0.01297790 \\
  0.00000001  0.00493105  0.00000000  0.00476660  0.00000005  0.00000039 \\
  0.00000005  0.00000001  0.00000000  0.00000001  0.00000000  0.00000000 \\
  0.00000005  0.00000039  0.00000010  0.00000001  0.00000000  0.00000001 \\
  0.00000001  0.00000000] \\
sum1 =  0.0368879370282 \\
p2 =  [ 0.00000659  0.00000450  0.00000457  0.00000428  0.00000531  0.00000378 \\
  0.00000276  0.00000272  0.00000019  0.00000011  0.00000003  0.00000000 \\
  0.00000001  0.00000000  0.00000000  0.00000000  0.00000017  0.00000010 \\
  0.00000003  0.00000001  0.00000001  0.00000000  0.00000001  0.00000000 \\
  0.00000053  0.00043258  0.00000001  0.00025304  0.00000001  0.00015819 \\
  0.00000000  0.00009257  0.00000044  0.00912799  0.00000001  0.00898653 \\
  0.00000001  0.00335202  0.00000000  0.00330052  0.00000004  0.00000034 \\
  0.00000005  0.00000001  0.00000000  0.00000001  0.00000000  0.00000000 \\
  0.00000004  0.00000028  0.00000008  0.00000001  0.00000000  0.00000000 \\
  0.00000000  0.00000000] \\
sum2 =  0.0257404915664 \\
p3 =  [ 0.00000505  0.00000358  0.00000314  0.00000313  0.00000359  0.00000256 \\
  0.00000192  0.00000190  0.00000016  0.00000009  0.00000002  0.00000000 \\
  0.00000001  0.00000000  0.00000000  0.00000000  0.00000012  0.00000007 \\
  0.00000002  0.00000000  0.00000001  0.00000000  0.00000000  0.00000000 \\
  0.00000042  0.00048077  0.00000001  0.00032465  0.00000001  0.00017585 \\
  0.00000000  0.00011879  0.00000030  0.00527391  0.00000001  0.00534293 \\
  0.00000000  0.00193668  0.00000000  0.00196230  0.00000003  0.00000027 \\
  0.00000005  0.00000001  0.00000000  0.00000000  0.00000000  0.00000000 \\
  0.00000002  0.00000019  0.00000006  0.00000001  0.00000000  0.00000000 \\
  0.00000000  0.00000000] \\
sum3 =  0.0156426579918 \\
p4 =  [ 0.00000301  0.00000229  0.00000151  0.00000173  0.00000223  0.00000159 \\
  0.00000125  0.00000124  0.00000009  0.00000005  0.00000002  0.00000000 \\
  0.00000000  0.00000000  0.00000000  0.00000000  0.00000006  0.00000004 \\
  0.00000001  0.00000000  0.00000000  0.00000000  0.00000000  0.00000000 \\
  0.00000025  0.00040919  0.00000001  0.00034206  0.00000000  0.00014967 \\
  0.00000000  0.00012517  0.00000018  0.00185142  0.00000000  0.00205470 \\
  0.00000000  0.00068004  0.00000000  0.00075478  0.00000002  0.00000016 \\
  0.00000004  0.00000001  0.00000000  0.00000000  0.00000000  0.00000000 \\
  0.00000001  0.00000012  0.00000002  0.00000000  0.00000000  0.00000000 \\
  0.00000000  0.00000000] \\
sum4 =  0.00638300093918 \\
p5 =  [ 0.00000224  0.00000171  0.00000103  0.00000119  0.00000217  0.00000155 \\
  0.00000123  0.00000121  0.00000007  0.00000004  0.00000001  0.00000000 \\
  0.00000000  0.00000000  0.00000000  0.00000000  0.00000006  0.00000004 \\
  0.00000001  0.00000000  0.00000000  0.00000000  0.00000000  0.00000000 \\
  0.00000019  0.00041248  0.00000000  0.00036518  0.00000000  0.00015090 \\
  0.00000000  0.00013365  0.00000017  0.00152981  0.00000000  0.00163432 \\
  0.00000000  0.00056191  0.00000000  0.00060036  0.00000002  0.00000012 \\
  0.00000003  0.00000000  0.00000000  0.00000000  0.00000000  0.00000000 \\
  0.00000001  0.00000011  0.00000002  0.00000000  0.00000000  0.00000000 \\
  0.00000000  0.00000000] \\
sum5 =  0.00540188134333 \\
p6 =  [ 0.00000166  0.00000127  0.00000073  0.00000083  0.00000214  0.00000152 \\
  0.00000121  0.00000120  0.00000005  0.00000003  0.00000001  0.00000000 \\
  0.00000000  0.00000000  0.00000000  0.00000000  0.00000006  0.00000004 \\
  0.00000001  0.00000000  0.00000000  0.00000000  0.00000000  0.00000000 \\
  0.00000014  0.00040614  0.00000000  0.00037683  0.00000000  0.00014862 \\
  0.00000000  0.00013793  0.00000017  0.00137974  0.00000000  0.00142199 \\
  0.00000000  0.00050679  0.00000000  0.00052236  0.00000001  0.00000009 \\
  0.00000003  0.00000000  0.00000000  0.00000000  0.00000000  0.00000000 \\
  0.00000001  0.00000011  0.00000002  0.00000000  0.00000000  0.00000000 \\
  0.00000000  0.00000000] \\
sum6 =  0.00491177089373 \\
p7 =  [ 0.00000128  0.00000096  0.00000056  0.00000061  0.00000212  0.00000151 \\
  0.00000121  0.00000119  0.00000004  0.00000002  0.00000001  0.00000000 \\
  0.00000000  0.00000000  0.00000000  0.00000000  0.00000006  0.00000004 \\
  0.00000001  0.00000000  0.00000000  0.00000000  0.00000000  0.00000000 \\
  0.00000011  0.00039652  0.00000000  0.00037954  0.00000000  0.00014513 \\
  0.00000000  0.00013894  0.00000017  0.00132794  0.00000000  0.00133876 \\
  0.00000000  0.00048777  0.00000000  0.00049179  0.00000001  0.00000007 \\
  0.00000002  0.00000000  0.00000000  0.00000000  0.00000000  0.00000000 \\
  0.00000001  0.00000011  0.00000002  0.00000000  0.00000000  0.00000000 \\
  0.00000000  0.00000000] \\
sum7 =  0.00471654824188 \\
p8 =  [ 0.00000105  0.00000078  0.00000047  0.00000050  0.00000211  0.00000150 \\
  0.00000120  0.00000119  0.00000003  0.00000002  0.00000001  0.00000000 \\
  0.00000000  0.00000000  0.00000000  0.00000000  0.00000006  0.00000004 \\
  0.00000001  0.00000000  0.00000000  0.00000000  0.00000000  0.00000000 \\
  0.00000009  0.00039437  0.00000000  0.00038387  0.00000000  0.00014437 \\
  0.00000000  0.00014055  0.00000017  0.00131439  0.00000000  0.00131922 \\
  0.00000000  0.00048279  0.00000000  0.00048462  0.00000001  0.00000006 \\
  0.00000002  0.00000000  0.00000000  0.00000000  0.00000000  0.00000000 \\
  0.00000001  0.00000011  0.00000002  0.00000000  0.00000000  0.00000000 \\
  0.00000000  0.00000000] \\
sum8 =  0.00467364120845 \\
p9 =  [ 0.00000089  0.00000066  0.00000042  0.00000043  0.00000210  0.00000150 \\
  0.00000120  0.00000118  0.00000003  0.00000002  0.00000000  0.00000000 \\
  0.00000000  0.00000000  0.00000000  0.00000000  0.00000006  0.00000004 \\
  0.00000001  0.00000000  0.00000000  0.00000000  0.00000000  0.00000000 \\
  0.00000007  0.00039151  0.00000000  0.00038531  0.00000000  0.00014336 \\
  0.00000000  0.00014111  0.00000017  0.00130785  0.00000000  0.00131018 \\
  0.00000000  0.00048039  0.00000000  0.00048130  0.00000001  0.00000005 \\
  0.00000001  0.00000000  0.00000000  0.00000000  0.00000000  0.00000000 \\
  0.00000001  0.00000011  0.00000002  0.00000000  0.00000000  0.00000000 \\
  0.00000000  0.00000000] \\
sum9 =  0.0046500037027 \\
p10 =  [ 0.00000079  0.00000058  0.00000039  0.00000040  0.00000209  0.00000149 \\
  0.00000120  0.00000118  0.00000002  0.00000001  0.00000000  0.00000000 \\
  0.00000000  0.00000000  0.00000000  0.00000000  0.00000005  0.00000004 \\
  0.00000001  0.00000000  0.00000000  0.00000000  0.00000000  0.00000000 \\
  0.00000006  0.00038931  0.00000000  0.00038561  0.00000000  0.00014258 \\
  0.00000000  0.00014124  0.00000017  0.00130393  0.00000000  0.00130545 \\
  0.00000000  0.00047896  0.00000000  0.00047957  0.00000001  0.00000004 \\
  0.00000001  0.00000000  0.00000000  0.00000000  0.00000000  0.00000000 \\
  0.00000001  0.00000011  0.00000002  0.00000000  0.00000000  0.00000000 \\
  0.00000000  0.00000000] \\
sum10 =  0.00463537374254 \\
p11 =  [ 0.00000073  0.00000053  0.00000037  0.00000038  0.00000209  0.00000149 \\
  0.00000119  0.00000118  0.00000002  0.00000001  0.00000000  0.00000000 \\
  0.00000000  0.00000000  0.00000000  0.00000000  0.00000005  0.00000004 \\
  0.00000001  0.00000000  0.00000000  0.00000000  0.00000000  0.00000000 \\
  0.00000006  0.00038790  0.00000000  0.00038580  0.00000000  0.00014209 \\
  0.00000000  0.00014134  0.00000017  0.00130078  0.00000000  0.00130211 \\
  0.00000000  0.00047780  0.00000000  0.00047834  0.00000000  0.00000004 \\
  0.00000001  0.00000000  0.00000000  0.00000000  0.00000000  0.00000000 \\
  0.00000001  0.00000011  0.00000002  0.00000000  0.00000000  0.00000000 \\
  0.00000000  0.00000000] \\
sum11 =  0.00462470447144 \\
p12 =  [ 0.00000069  0.00000050  0.00000037  0.00000036  0.00000208  0.00000148 \\
  0.00000119  0.00000117  0.00000002  0.00000001  0.00000000  0.00000000 \\
  0.00000000  0.00000000  0.00000000  0.00000000  0.00000005  0.00000004 \\
  0.00000001  0.00000000  0.00000000  0.00000000  0.00000000  0.00000000 \\
  0.00000006  0.00038658  0.00000000  0.00038545  0.00000000  0.00014163 \\
  0.00000000  0.00014123  0.00000017  0.00129784  0.00000000  0.00129911 \\
  0.00000000  0.00047673  0.00000000  0.00047724  0.00000000  0.00000004 \\
  0.00000001  0.00000000  0.00000000  0.00000000  0.00000000  0.00000000 \\
  0.00000001  0.00000011  0.00000002  0.00000000  0.00000000  0.00000000 \\
  0.00000000  0.00000000] \\
sum12 =  0.00461421446521 \\
p13 =  [ 0.00000066  0.00000048  0.00000036  0.00000036  0.00000208  0.00000148 \\
  0.00000119  0.00000117  0.00000002  0.00000001  0.00000000  0.00000000 \\
  0.00000000  0.00000000  0.00000000  0.00000000  0.00000005  0.00000004 \\
  0.00000001  0.00000000  0.00000000  0.00000000  0.00000000  0.00000000 \\
  0.00000005  0.00038545  0.00000000  0.00038490  0.00000000  0.00014125 \\
  0.00000000  0.00014105  0.00000016  0.00129497  0.00000000  0.00129623 \\
  0.00000000  0.00047567  0.00000000  0.00047619  0.00000000  0.00000004 \\
  0.00000001  0.00000000  0.00000000  0.00000000  0.00000000  0.00000000 \\
  0.00000001  0.00000011  0.00000002  0.00000000  0.00000000  0.00000000 \\
  0.00000000  0.00000000] \\
sum13 =  0.00460403446009 \\
p14 =  [ 0.00000065  0.00000046  0.00000036  0.00000035  0.00000207  0.00000148 \\
  0.00000118  0.00000117  0.00000002  0.00000001  0.00000000  0.00000000 \\
  0.00000000  0.00000000  0.00000000  0.00000000  0.00000005  0.00000004 \\
  0.00000001  0.00000000  0.00000000  0.00000000  0.00000000  0.00000000 \\
  0.00000005  0.00038445  0.00000000  0.00038426  0.00000000  0.00014090 \\
  0.00000000  0.00014084  0.00000016  0.00129212  0.00000000  0.00129338 \\
  0.00000000  0.00047463  0.00000000  0.00047514  0.00000000  0.00000003 \\
  0.00000001  0.00000000  0.00000000  0.00000000  0.00000000  0.00000000 \\
  0.00000001  0.00000011  0.00000002  0.00000000  0.00000000  0.00000000 \\
  0.00000000  0.00000000] \\
sum14 =  0.00459399616208 \\
p15 = [ 0.00000063  0.00000045  0.00000035  0.00000035  0.00000207  0.00000147 \\
  0.00000118  0.00000117  0.00000002  0.00000001  0.00000000  0.00000000 \\
  0.00000000  0.00000000  0.00000000  0.00000000  0.00000005  0.00000004 \\
  0.00000001  0.00000000  0.00000000  0.00000000  0.00000000  0.00000000 \\
  0.00000005  0.00038349  0.00000000  0.00038352  0.00000000  0.00014057 \\
  0.00000000  0.00014059  0.00000016  0.00128929  0.00000000  0.00129055 \\
  0.00000000  0.00047359  0.00000000  0.00047411  0.00000000  0.00000003 \\
  0.00000001  0.00000000  0.00000000  0.00000000  0.00000000  0.00000000 \\
  0.00000001  0.00000011  0.00000002  0.00000000  0.00000000  0.00000000 \\
  0.00000000  0.00000000] \\
sum15 =  0.00458393956174 \\
p16 =  [ 0.00000063  0.00000045  0.00000035  0.00000035  0.00000206  0.00000147 \\
  0.00000118  0.00000116  0.00000002  0.00000001  0.00000000  0.00000000 \\
  0.00000000  0.00000000  0.00000000  0.00000000  0.00000005  0.00000004 \\
  0.00000001  0.00000000  0.00000000  0.00000000  0.00000000  0.00000000 \\
  0.00000005  0.00038258  0.00000000  0.00038275  0.00000000  0.00014026 \\
  0.00000000  0.00014032  0.00000016  0.00128647  0.00000000  0.00128773 \\
  0.00000000  0.00047256  0.00000000  0.00047307  0.00000000  0.00000003 \\
  0.00000001  0.00000000  0.00000000  0.00000000  0.00000000  0.00000000 \\
  0.00000001  0.00000011  0.00000002  0.00000000  0.00000000  0.00000000 \\
  0.00000000  0.00000000] \\
sum16 =  0.0045739199133 \\
p17 = [ 0.00000062  0.00000044  0.00000035  0.00000035  0.00000206  0.00000147 \\
  0.00000118  0.00000116  0.00000002  0.00000001  0.00000000  0.00000000 \\
  0.00000000  0.00000000  0.00000000  0.00000000  0.00000005  0.00000003 \\
  0.00000001  0.00000000  0.00000000  0.00000000  0.00000000  0.00000000 \\
  0.00000005  0.00038169  0.00000000  0.00038194  0.00000000  0.00013995 \\
  0.00000000  0.00014005  0.00000016  0.00128365  0.00000000  0.00128491 \\
  0.00000000  0.00047153  0.00000000  0.00047204  0.00000000  0.00000003 \\
  0.00000001  0.00000000  0.00000000  0.00000000  0.00000000  0.00000000 \\
  0.00000001  0.00000011  0.00000002  0.00000000  0.00000000  0.00000000 \\
  0.00000000  0.00000000] \\
sum17 =  0.00456392223168 \\
p18 =  [ 0.00000062  0.00000044  0.00000035  0.00000035  0.00000206  0.00000146 \\
  0.00000117  0.00000116  0.00000002  0.00000001  0.00000000  0.00000000 \\
  0.00000000  0.00000000  0.00000000  0.00000000  0.00000005  0.00000003 \\
  0.00000001  0.00000000  0.00000000  0.00000000  0.00000000  0.00000000 \\
  0.00000005  0.00038082  0.00000000  0.00038112  0.00000000  0.00013965 \\
  0.00000000  0.00013976  0.00000016  0.00128084  0.00000000  0.00128210 \\
  0.00000000  0.00047050  0.00000000  0.00047101  0.00000000  0.00000003 \\
  0.00000001  0.00000000  0.00000000  0.00000000  0.00000000  0.00000000 \\
  0.00000001  0.00000011  0.00000002  0.00000000  0.00000000  0.00000000 \\
  0.00000000  0.00000000] \\
sum18 =  0.00455394113804 \\
p19 =  [ 0.00000061  0.00000044  0.00000035  0.00000034  0.00000205  0.00000146 \\
  0.00000117  0.00000116  0.00000002  0.00000001  0.00000000  0.00000000 \\
  0.00000000  0.00000000  0.00000000  0.00000000  0.00000005  0.00000003 \\
  0.00000001  0.00000000  0.00000000  0.00000000  0.00000000  0.00000000 \\
  0.00000005  0.00037997  0.00000000  0.00038029  0.00000000  0.00013935 \\
  0.00000000  0.00013948  0.00000016  0.00127804  0.00000000  0.00127929 \\
  0.00000000  0.00046947  0.00000000  0.00046998  0.00000000  0.00000003 \\
  0.00000000  0.00000000  0.00000000  0.00000000  0.00000000  0.00000000 \\
  0.00000001  0.00000011  0.00000002  0.00000000  0.00000000  0.00000000 \\
  0.00000000  0.00000000] \\
sum19 =  0.00454398258773 \\
p20 =  [ 0.00000061  0.00000043  0.00000035  0.00000034  0.00000205  0.00000146 \\
  0.00000117  0.00000115  0.00000002  0.00000001  0.00000000  0.00000000 \\
  0.00000000  0.00000000  0.00000000  0.00000000  0.00000005  0.00000003 \\
  0.00000001  0.00000000  0.00000000  0.00000000  0.00000000  0.00000000 \\
  0.00000005  0.00037911  0.00000000  0.00037946  0.00000000  0.00013905 \\
  0.00000000  0.00013919  0.00000016  0.00127524  0.00000000  0.00127649 \\
  0.00000000  0.00046844  0.00000000  0.00046895  0.00000000  0.00000003 \\
  0.00000000  0.00000000  0.00000000  0.00000000  0.00000000  0.00000000 \\
  0.00000001  0.00000011  0.00000001  0.00000000  0.00000000  0.00000000 \\
  0.00000000  0.00000000] \\
sum20 =  0.00453404494067 \\
p21 =  [ 0.00000061  0.00000043  0.00000035  0.00000034  0.00000204  0.00000145 \\
  0.00000117  0.00000115  0.00000002  0.00000001  0.00000000  0.00000000 \\
  0.00000000  0.00000000  0.00000000  0.00000000  0.00000005  0.00000003 \\
  0.00000001  0.00000000  0.00000000  0.00000000  0.00000000  0.00000000 \\
  0.00000005  0.00037827  0.00000000  0.00037863  0.00000000  0.00013876 \\
  0.00000000  0.00013890  0.00000016  0.00127245  0.00000000  0.00127370 \\
  0.00000000  0.00046742  0.00000000  0.00046793  0.00000000  0.00000003 \\
  0.00000000  0.00000000  0.00000000  0.00000000  0.00000000  0.00000000 \\
  0.00000001  0.00000011  0.00000001  0.00000000  0.00000000  0.00000000 \\
  0.00000000  0.00000000] \\
sum21 =  0.00452412844418 \\
p22 =  [ 0.00000061  0.00000043  0.00000035  0.00000034  0.00000204  0.00000145 \\
  0.00000116  0.00000115  0.00000002  0.00000001  0.00000000  0.00000000 \\
  0.00000000  0.00000000  0.00000000  0.00000000  0.00000005  0.00000003 \\
  0.00000001  0.00000000  0.00000000  0.00000000  0.00000000  0.00000000 \\
  0.00000005  0.00037743  0.00000000  0.00037779  0.00000000  0.00013846 \\
  0.00000000  0.00013860  0.00000016  0.00126967  0.00000000  0.00127091 \\
  0.00000000  0.00046640  0.00000000  0.00046690  0.00000000  0.00000003 \\
  0.00000000  0.00000000  0.00000000  0.00000000  0.00000000  0.00000000 \\
  0.00000001  0.00000011  0.00000001  0.00000000  0.00000000  0.00000000 \\
  0.00000000  0.00000000] \\
sum22 =  0.00451423357023 \\
p23 =  [ 0.00000061  0.00000043  0.00000035  0.00000034  0.00000203  0.00000145 \\
  0.00000116  0.00000115  0.00000002  0.00000001  0.00000000  0.00000000 \\
  0.00000000  0.00000000  0.00000000  0.00000000  0.00000005  0.00000003 \\
  0.00000001  0.00000000  0.00000000  0.00000000  0.00000000  0.00000000 \\
  0.00000005  0.00037659  0.00000000  0.00037696  0.00000000  0.00013817 \\
  0.00000000  0.00013831  0.00000016  0.00126689  0.00000000  0.00126813 \\
  0.00000000  0.00046538  0.00000000  0.00046588  0.00000000  0.00000003 \\
  0.00000000  0.00000000  0.00000000  0.00000000  0.00000000  0.00000000 \\
  0.00000001  0.00000011  0.00000001  0.00000000  0.00000000  0.00000000 \\
  0.00000000  0.00000000] \\
sum23 =  0.00450436016189 \\
p24 =  [ 0.00000060  0.00000043  0.00000034  0.00000034  0.00000203  0.00000144 \\
  0.00000116  0.00000114  0.00000002  0.00000001  0.00000000  0.00000000 \\
  0.00000000  0.00000000  0.00000000  0.00000000  0.00000005  0.00000003 \\
  0.00000001  0.00000000  0.00000000  0.00000000  0.00000000  0.00000000 \\
  0.00000005  0.00037576  0.00000000  0.00037613  0.00000000  0.00013787 \\
  0.00000000  0.00013802  0.00000016  0.00126412  0.00000000  0.00126536 \\
  0.00000000  0.00046436  0.00000000  0.00046487  0.00000000  0.00000003 \\
  0.00000000  0.00000000  0.00000000  0.00000000  0.00000000  0.00000000 \\
  0.00000001  0.00000011  0.00000001  0.00000000  0.00000000  0.00000000 \\
  0.00000000  0.00000000] \\
sum24 =  0.00449450827385 \\
p25 =  [ 0.00000060  0.00000043  0.00000034  0.00000034  0.00000202  0.00000144 \\
  0.00000116  0.00000114  0.00000002  0.00000001  0.00000000  0.00000000 \\
  0.00000000  0.00000000  0.00000000  0.00000000  0.00000005  0.00000003 \\
  0.00000001  0.00000000  0.00000000  0.00000000  0.00000000  0.00000000 \\
  0.00000005  0.00037493  0.00000000  0.00037530  0.00000000  0.00013758 \\
  0.00000000  0.00013772  0.00000016  0.00126135  0.00000000  0.00126259 \\
  0.00000000  0.00046335  0.00000000  0.00046385  0.00000000  0.00000003 \\
  0.00000000  0.00000000  0.00000000  0.00000000  0.00000000  0.00000000 \\
  0.00000001  0.00000011  0.00000001  0.00000000  0.00000000  0.00000000 \\
  0.00000000  0.00000000] \\
sum25 =  0.0044846779044 \\
p26 =  [ 0.00000060  0.00000043  0.00000034  0.00000034  0.00000202  0.00000144 \\
  0.00000115  0.00000114  0.00000002  0.00000001  0.00000000  0.00000000 \\
  0.00000000  0.00000000  0.00000000  0.00000000  0.00000005  0.00000003 \\
  0.00000001  0.00000000  0.00000000  0.00000000  0.00000000  0.00000000 \\
  0.00000005  0.00037410  0.00000000  0.00037447  0.00000000  0.00013729 \\
  0.00000000  0.00013743  0.00000016  0.00125859  0.00000000  0.00125983 \\
  0.00000000  0.00046233  0.00000000  0.00046284  0.00000000  0.00000003 \\
  0.00000000  0.00000000  0.00000000  0.00000000  0.00000000  0.00000000 \\
  0.00000001  0.00000011  0.00000001  0.00000000  0.00000000  0.00000000 \\
  0.00000000  0.00000000] \\
sum26 =  0.00447486900839 \\
p27 =  [ 0.00000060  0.00000043  0.00000034  0.00000034  0.00000201  0.00000143 \\
  0.00000115  0.00000114  0.00000002  0.00000001  0.00000000  0.00000000 \\
  0.00000000  0.00000000  0.00000000  0.00000000  0.00000005  0.00000003 \\
  0.00000001  0.00000000  0.00000000  0.00000000  0.00000000  0.00000000 \\
  0.00000005  0.00037328  0.00000000  0.00037365  0.00000000  0.00013699 \\
  0.00000000  0.00013714  0.00000016  0.00125584  0.00000000  0.00125707 \\
  0.00000000  0.00046132  0.00000000  0.00046182  0.00000000  0.00000003 \\
  0.00000000  0.00000000  0.00000000  0.00000000  0.00000000  0.00000000 \\
  0.00000001  0.00000011  0.00000001  0.00000000  0.00000000  0.00000000 \\
  0.00000000  0.00000000] \\
sum27 =  0.0044650815556 \\
p28 =  [ 0.00000060  0.00000043  0.00000034  0.00000034  0.00000201  0.00000143 \\
  0.00000115  0.00000113  0.00000002  0.00000001  0.00000000  0.00000000 \\
  0.00000000  0.00000000  0.00000000  0.00000000  0.00000005  0.00000003 \\
  0.00000001  0.00000000  0.00000000  0.00000000  0.00000000  0.00000000 \\
  0.00000005  0.00037245  0.00000000  0.00037282  0.00000000  0.00013670 \\
  0.00000000  0.00013684  0.00000016  0.00125309  0.00000000  0.00125432 \\
  0.00000000  0.00046032  0.00000000  0.00046081  0.00000000  0.00000003 \\
  0.00000000  0.00000000  0.00000000  0.00000000  0.00000000  0.00000000 \\
  0.00000001  0.00000011  0.00000001  0.00000000  0.00000000  0.00000000 \\
  0.00000000  0.00000000] \\
sum28 =  0.00445531550412 \\
p29 =  [ 0.00000060  0.00000042  0.00000034  0.00000034  0.00000201  0.00000143 \\
  0.00000115  0.00000113  0.00000002  0.00000001  0.00000000  0.00000000 \\
  0.00000000  0.00000000  0.00000000  0.00000000  0.00000005  0.00000003 \\
  0.00000001  0.00000000  0.00000000  0.00000000  0.00000000  0.00000000 \\
  0.00000005  0.00037163  0.00000000  0.00037200  0.00000000  0.00013640 \\
  0.00000000  0.00013655  0.00000016  0.00125035  0.00000000  0.00125158 \\
  0.00000000  0.00045931  0.00000000  0.00045981  0.00000000  0.00000003 \\
  0.00000000  0.00000000  0.00000000  0.00000000  0.00000000  0.00000000 \\
  0.00000001  0.00000011  0.00000001  0.00000000  0.00000000  0.00000000 \\
  0.00000000  0.00000000] \\
sum29 =  0.00444557080926 \\
p30 =  [ 0.00000060  0.00000042  0.00000034  0.00000034  0.00000200  0.00000142 \\
  0.00000114  0.00000113  0.00000002  0.00000001  0.00000000  0.00000000 \\
  0.00000000  0.00000000  0.00000000  0.00000000  0.00000005  0.00000003 \\
  0.00000001  0.00000000  0.00000000  0.00000000  0.00000000  0.00000000 \\
  0.00000005  0.00037082  0.00000000  0.00037118  0.00000000  0.00013611 \\
  0.00000000  0.00013626  0.00000016  0.00124761  0.00000000  0.00124884 \\
  0.00000000  0.00045830  0.00000000  0.00045880  0.00000000  0.00000003 \\
  0.00000000  0.00000000  0.00000000  0.00000000  0.00000000  0.00000000 \\
  0.00000001  0.00000011  0.00000001  0.00000000  0.00000000  0.00000000 \\
  0.00000000  0.00000000] \\
sum30 =  0.00443584742658 \\
p31 =  [ 0.00000059  0.00000042  0.00000034  0.00000034  0.00000200  0.00000142 \\
  0.00000114  0.00000113  0.00000002  0.00000001  0.00000000  0.00000000 \\
  0.00000000  0.00000000  0.00000000  0.00000000  0.00000005  0.00000003 \\
  0.00000001  0.00000000  0.00000000  0.00000000  0.00000000  0.00000000 \\
  0.00000005  0.00037000  0.00000000  0.00037037  0.00000000  0.00013582 \\
  0.00000000  0.00013596  0.00000016  0.00124488  0.00000000  0.00124611 \\
  0.00000000  0.00045730  0.00000000  0.00045780  0.00000000  0.00000003 \\
  0.00000000  0.00000000  0.00000000  0.00000000  0.00000000  0.00000000 \\
  0.00000001  0.00000011  0.00000001  0.00000000  0.00000000  0.00000000 \\
  0.00000000  0.00000000] \\
sum31 =  0.0044261453101 \\
p32 =  [ 0.00000059  0.00000042  0.00000034  0.00000033  0.00000199  0.00000142 \\
  0.00000114  0.00000112  0.00000002  0.00000001  0.00000000  0.00000000 \\
  0.00000000  0.00000000  0.00000000  0.00000000  0.00000005  0.00000003 \\
  0.00000001  0.00000000  0.00000000  0.00000000  0.00000000  0.00000000 \\
  0.00000005  0.00036919  0.00000000  0.00036955  0.00000000  0.00013553 \\
  0.00000000  0.00013567  0.00000016  0.00124216  0.00000000  0.00124338 \\
  0.00000000  0.00045630  0.00000000  0.00045680  0.00000000  0.00000003 \\
  0.00000000  0.00000000  0.00000000  0.00000000  0.00000000  0.00000000 \\
  0.00000001  0.00000010  0.00000001  0.00000000  0.00000000  0.00000000 \\
  0.00000000  0.00000000] \\
sum32 =  0.00441646441371 \\
p33 =  [ 0.00000059  0.00000042  0.00000034  0.00000033  0.00000199  0.00000141 \\
  0.00000114  0.00000112  0.00000002  0.00000001  0.00000000  0.00000000 \\
  0.00000000  0.00000000  0.00000000  0.00000000  0.00000005  0.00000003 \\
  0.00000001  0.00000000  0.00000000  0.00000000  0.00000000  0.00000000 \\
  0.00000005  0.00036837  0.00000000  0.00036874  0.00000000  0.00013524 \\
  0.00000000  0.00013538  0.00000016  0.00123944  0.00000000  0.00124066 \\
  0.00000000  0.00045531  0.00000000  0.00045580  0.00000000  0.00000003 \\
  0.00000000  0.00000000  0.00000000  0.00000000  0.00000000  0.00000000 \\
  0.00000001  0.00000010  0.00000001  0.00000000  0.00000000  0.00000000 \\
  0.00000000  0.00000000] \\
sum33 =  0.00440680469125 \\
p34 =  [ 0.00000059  0.00000042  0.00000034  0.00000033  0.00000198  0.00000141 \\
  0.00000113  0.00000112  0.00000002  0.00000001  0.00000000  0.00000000 \\
  0.00000000  0.00000000  0.00000000  0.00000000  0.00000005  0.00000003 \\
  0.00000001  0.00000000  0.00000000  0.00000000  0.00000000  0.00000000 \\
  0.00000005  0.00036756  0.00000000  0.00036793  0.00000000  0.00013494 \\
  0.00000000  0.00013509  0.00000016  0.00123673  0.00000000  0.00123795 \\
  0.00000000  0.00045431  0.00000000  0.00045480  0.00000000  0.00000003 \\
  0.00000000  0.00000000  0.00000000  0.00000000  0.00000000  0.00000000 \\
  0.00000001  0.00000010  0.00000001  0.00000000  0.00000000  0.00000000 \\
  0.00000000  0.00000000] \\
sum34 =  0.00439716609646 \\
p35 =  [ 0.00000059  0.00000042  0.00000034  0.00000033  0.00000198  0.00000141 \\
  0.00000113  0.00000112  0.00000002  0.00000001  0.00000000  0.00000000 \\
  0.00000000  0.00000000  0.00000000  0.00000000  0.00000005  0.00000003 \\
  0.00000001  0.00000000  0.00000000  0.00000000  0.00000000  0.00000000 \\
  0.00000005  0.00036676  0.00000000  0.00036712  0.00000000  0.00013465 \\
  0.00000000  0.00013480  0.00000016  0.00123403  0.00000000  0.00123524 \\
  0.00000000  0.00045332  0.00000000  0.00045381  0.00000000  0.00000003 \\
  0.00000000  0.00000000  0.00000000  0.00000000  0.00000000  0.00000000 \\
  0.00000001  0.00000010  0.00000001  0.00000000  0.00000000  0.00000000 \\
  0.00000000  0.00000000] \\
sum35 =  0.00438754858318 \\
p36 =  [ 0.00000059  0.00000042  0.00000034  0.00000033  0.00000198  0.00000141 \\
  0.00000113  0.00000111  0.00000002  0.00000001  0.00000000  0.00000000 \\
  0.00000000  0.00000000  0.00000000  0.00000000  0.00000005  0.00000003 \\
  0.00000001  0.00000000  0.00000000  0.00000000  0.00000000  0.00000000 \\
  0.00000005  0.00036595  0.00000000  0.00036631  0.00000000  0.00013436 \\
  0.00000000  0.00013451  0.00000016  0.00123133  0.00000000  0.00123254 \\
  0.00000000  0.00045233  0.00000000  0.00045282  0.00000000  0.00000003 \\
  0.00000000  0.00000000  0.00000000  0.00000000  0.00000000  0.00000000 \\
  0.00000001  0.00000010  0.00000001  0.00000000  0.00000000  0.00000000 \\
  0.00000000  0.00000000] \\
sum36 =  0.00437795210531 \\
p37 =  [ 0.00000059  0.00000042  0.00000034  0.00000033  0.00000197  0.00000140 \\
  0.00000113  0.00000111  0.00000002  0.00000001  0.00000000  0.00000000 \\
  0.00000000  0.00000000  0.00000000  0.00000000  0.00000005  0.00000003 \\
  0.00000001  0.00000000  0.00000000  0.00000000  0.00000000  0.00000000 \\
  0.00000005  0.00036515  0.00000000  0.00036551  0.00000000  0.00013407 \\
  0.00000000  0.00013421  0.00000016  0.00122863  0.00000000  0.00122984 \\
  0.00000000  0.00045134  0.00000000  0.00045183  0.00000000  0.00000003 \\
  0.00000000  0.00000000  0.00000000  0.00000000  0.00000000  0.00000000 \\
  0.00000001  0.00000010  0.00000001  0.00000000  0.00000000  0.00000000 \\
  0.00000000  0.00000000] \\
sum37 =  0.00436837661683 \\
p38 =  [ 0.00000059  0.00000042  0.00000033  0.00000033  0.00000197  0.00000140 \\
  0.00000112  0.00000111  0.00000002  0.00000001  0.00000000  0.00000000 \\
  0.00000000  0.00000000  0.00000000  0.00000000  0.00000005  0.00000003 \\
  0.00000001  0.00000000  0.00000000  0.00000000  0.00000000  0.00000000 \\
  0.00000005  0.00036434  0.00000000  0.00036470  0.00000000  0.00013378 \\
  0.00000000  0.00013392  0.00000016  0.00122595  0.00000000  0.00122715 \\
  0.00000000  0.00045035  0.00000000  0.00045084  0.00000000  0.00000003 \\
  0.00000000  0.00000000  0.00000000  0.00000000  0.00000000  0.00000000 \\
  0.00000001  0.00000010  0.00000001  0.00000000  0.00000000  0.00000000 \\
  0.00000000  0.00000000] \\
sum38 =  0.00435882207184 \\
p39 =  [ 0.00000058  0.00000042  0.00000033  0.00000033  0.00000196  0.00000140 \\
  0.00000112  0.00000111  0.00000002  0.00000001  0.00000000  0.00000000 \\
  0.00000000  0.00000000  0.00000000  0.00000000  0.00000005  0.00000003 \\
  0.00000001  0.00000000  0.00000000  0.00000000  0.00000000  0.00000000 \\
  0.00000005  0.00036354  0.00000000  0.00036390  0.00000000  0.00013349 \\
  0.00000000  0.00013363  0.00000016  0.00122326  0.00000000  0.00122447 \\
  0.00000000  0.00044937  0.00000000  0.00044985  0.00000000  0.00000003 \\
  0.00000000  0.00000000  0.00000000  0.00000000  0.00000000  0.00000000 \\
  0.00000001  0.00000010  0.00000001  0.00000000  0.00000000  0.00000000 \\
  0.00000000  0.00000000] \\
sum39 =  0.00434928842453 \\
p40 =  [ 0.00000058  0.00000041  0.00000033  0.00000033  0.00000196  0.00000139 \\
  0.00000112  0.00000110  0.00000002  0.00000001  0.00000000  0.00000000 \\
  0.00000000  0.00000000  0.00000000  0.00000000  0.00000005  0.00000003 \\
  0.00000001  0.00000000  0.00000000  0.00000000  0.00000000  0.00000000 \\
  0.00000005  0.00036275  0.00000000  0.00036310  0.00000000  0.00013320 \\
  0.00000000  0.00013335  0.00000016  0.00122059  0.00000000  0.00122179 \\
  0.00000000  0.00044838  0.00000000  0.00044887  0.00000000  0.00000003 \\
  0.00000000  0.00000000  0.00000000  0.00000000  0.00000000  0.00000000 \\
  0.00000001  0.00000010  0.00000001  0.00000000  0.00000000  0.00000000 \\
  0.00000000  0.00000000] \\
sum40 =  0.00433977562919 \\
p41 =  [ 0.00000058  0.00000041  0.00000033  0.00000033  0.00000195  0.00000139 \\
  0.00000112  0.00000110  0.00000002  0.00000001  0.00000000  0.00000000 \\
  0.00000000  0.00000000  0.00000000  0.00000000  0.00000005  0.00000003 \\
  0.00000001  0.00000000  0.00000000  0.00000000  0.00000000  0.00000000 \\
  0.00000005  0.00036195  0.00000000  0.00036231  0.00000000  0.00013291 \\
  0.00000000  0.00013306  0.00000015  0.00121792  0.00000000  0.00121911 \\
  0.00000000  0.00044740  0.00000000  0.00044789  0.00000000  0.00000003 \\
  0.00000000  0.00000000  0.00000000  0.00000000  0.00000000  0.00000000 \\
  0.00000001  0.00000010  0.00000001  0.00000000  0.00000000  0.00000000 \\
  0.00000000  0.00000000] \\
sum41 =  0.00433028364022 \\
p42 =  [ 0.00000058  0.00000041  0.00000033  0.00000033  0.00000195  0.00000139 \\
  0.00000111  0.00000110  0.00000002  0.00000001  0.00000000  0.00000000 \\
  0.00000000  0.00000000  0.00000000  0.00000000  0.00000005  0.00000003 \\
  0.00000001  0.00000000  0.00000000  0.00000000  0.00000000  0.00000000 \\
  0.00000005  0.00036116  0.00000000  0.00036151  0.00000000  0.00013262 \\
  0.00000000  0.00013277  0.00000015  0.00121525  0.00000000  0.00121645 \\
  0.00000000  0.00044642  0.00000000  0.00044691  0.00000000  0.00000003 \\
  0.00000000  0.00000000  0.00000000  0.00000000  0.00000000  0.00000000 \\
  0.00000001  0.00000010  0.00000001  0.00000000  0.00000000  0.00000000 \\
  0.00000000  0.00000000] \\
sum42 =  0.00432081241211 \\
p43 =  [ 0.00000058  0.00000041  0.00000033  0.00000033  0.00000195  0.00000138 \\
  0.00000111  0.00000110  0.00000002  0.00000001  0.00000000  0.00000000 \\
  0.00000000  0.00000000  0.00000000  0.00000000  0.00000005  0.00000003 \\
  0.00000001  0.00000000  0.00000000  0.00000000  0.00000000  0.00000000 \\
  0.00000005  0.00036036  0.00000000  0.00036072  0.00000000  0.00013234 \\
  0.00000000  0.00013248  0.00000015  0.00121260  0.00000000  0.00121379 \\
  0.00000000  0.00044545  0.00000000  0.00044593  0.00000000  0.00000003 \\
  0.00000000  0.00000000  0.00000000  0.00000000  0.00000000  0.00000000 \\
  0.00000001  0.00000010  0.00000001  0.00000000  0.00000000  0.00000000 \\
  0.00000000  0.00000000] \\
sum43 =  0.00431136189945 \\
p44 =  [ 0.00000058  0.00000041  0.00000033  0.00000033  0.00000194  0.00000138 \\
  0.00000111  0.00000109  0.00000002  0.00000001  0.00000000  0.00000000 \\
  0.00000000  0.00000000  0.00000000  0.00000000  0.00000005  0.00000003 \\
  0.00000001  0.00000000  0.00000000  0.00000000  0.00000000  0.00000000 \\
  0.00000005  0.00035957  0.00000000  0.00035993  0.00000000  0.00013205 \\
  0.00000000  0.00013219  0.00000015  0.00120994  0.00000000  0.00121113 \\
  0.00000000  0.00044447  0.00000000  0.00044496  0.00000000  0.00000003 \\
  0.00000000  0.00000000  0.00000000  0.00000000  0.00000000  0.00000000 \\
  0.00000001  0.00000010  0.00000001  0.00000000  0.00000000  0.00000000 \\
  0.00000000  0.00000000] \\
sum44 =  0.00430193205695 \\
p45 =  [ 0.00000058  0.00000041  0.00000033  0.00000033  0.00000194  0.00000138 \\
  0.00000111  0.00000109  0.00000002  0.00000001  0.00000000  0.00000000 \\
  0.00000000  0.00000000  0.00000000  0.00000000  0.00000005  0.00000003 \\
  0.00000001  0.00000000  0.00000000  0.00000000  0.00000000  0.00000000 \\
  0.00000005  0.00035879  0.00000000  0.00035914  0.00000000  0.00013176 \\
  0.00000000  0.00013190  0.00000015  0.00120730  0.00000000  0.00120848 \\
  0.00000000  0.00044350  0.00000000  0.00044398  0.00000000  0.00000003 \\
  0.00000000  0.00000000  0.00000000  0.00000000  0.00000000  0.00000000 \\
  0.00000001  0.00000010  0.00000001  0.00000000  0.00000000  0.00000000 \\
  0.00000000  0.00000000] \\
sum45 =  0.0042925228394 \\
p46 =  [ 0.00000057  0.00000041  0.00000033  0.00000032  0.00000193  0.00000138 \\
  0.00000110  0.00000109  0.00000002  0.00000001  0.00000000  0.00000000 \\
  0.00000000  0.00000000  0.00000000  0.00000000  0.00000005  0.00000003 \\
  0.00000001  0.00000000  0.00000000  0.00000000  0.00000000  0.00000000 \\
  0.00000005  0.00035800  0.00000000  0.00035835  0.00000000  0.00013148 \\
  0.00000000  0.00013162  0.00000015  0.00120466  0.00000000  0.00120584 \\
  0.00000000  0.00044253  0.00000000  0.00044301  0.00000000  0.00000003 \\
  0.00000000  0.00000000  0.00000000  0.00000000  0.00000000  0.00000000 \\
  0.00000001  0.00000010  0.00000001  0.00000000  0.00000000  0.00000000 \\
  0.00000000  0.00000000] \\
sum46 =  0.00428313420169 \\
p47 =  [ 0.00000057  0.00000041  0.00000033  0.00000032  0.00000193  0.00000137 \\
  0.00000110  0.00000109  0.00000002  0.00000001  0.00000000  0.00000000 \\
  0.00000000  0.00000000  0.00000000  0.00000000  0.00000005  0.00000003 \\
  0.00000001  0.00000000  0.00000000  0.00000000  0.00000000  0.00000000 \\
  0.00000005  0.00035721  0.00000000  0.00035757  0.00000000  0.00013119 \\
  0.00000000  0.00013133  0.00000015  0.00120202  0.00000000  0.00120320 \\
  0.00000000  0.00044156  0.00000000  0.00044204  0.00000000  0.00000003 \\
  0.00000000  0.00000000  0.00000000  0.00000000  0.00000000  0.00000000 \\
  0.00000001  0.00000010  0.00000001  0.00000000  0.00000000  0.00000000 \\
  0.00000000  0.00000000] \\
sum47 =  0.00427376609881 \\
p48 =  [ 0.00000057  0.00000041  0.00000033  0.00000032  0.00000192  0.00000137 \\
  0.00000110  0.00000109  0.00000002  0.00000001  0.00000000  0.00000000 \\
  0.00000000  0.00000000  0.00000000  0.00000000  0.00000005  0.00000003 \\
  0.00000001  0.00000000  0.00000000  0.00000000  0.00000000  0.00000000 \\
  0.00000005  0.00035643  0.00000000  0.00035678  0.00000000  0.00013091 \\
  0.00000000  0.00013105  0.00000015  0.00119939  0.00000000  0.00120057 \\
  0.00000000  0.00044060  0.00000000  0.00044108  0.00000000  0.00000003 \\
  0.00000000  0.00000000  0.00000000  0.00000000  0.00000000  0.00000000 \\
  0.00000001  0.00000010  0.00000001  0.00000000  0.00000000  0.00000000 \\
  0.00000000  0.00000000] \\
sum48 =  0.00426441848585 \\
p49 =  [ 0.00000057  0.00000041  0.00000033  0.00000032  0.00000192  0.00000137 \\
  0.00000110  0.00000108  0.00000001  0.00000001  0.00000000  0.00000000 \\
  0.00000000  0.00000000  0.00000000  0.00000000  0.00000005  0.00000003 \\
  0.00000001  0.00000000  0.00000000  0.00000000  0.00000000  0.00000000 \\
  0.00000005  0.00035565  0.00000000  0.00035600  0.00000000  0.00013062 \\
  0.00000000  0.00013076  0.00000015  0.00119677  0.00000000  0.00119794 \\
  0.00000000  0.00043964  0.00000000  0.00044011  0.00000000  0.00000003 \\
  0.00000000  0.00000000  0.00000000  0.00000000  0.00000000  0.00000000 \\
  0.00000001  0.00000010  0.00000001  0.00000000  0.00000000  0.00000000 \\
  0.00000000  0.00000000] \\
sum49 =  0.00425509131801 \\
p50 =  [ 0.00000057  0.00000041  0.00000033  0.00000032  0.00000192  0.00000136 \\
  0.00000109  0.00000108  0.00000001  0.00000001  0.00000000  0.00000000 \\
  0.00000000  0.00000000  0.00000000  0.00000000  0.00000005  0.00000003 \\
  0.00000001  0.00000000  0.00000000  0.00000000  0.00000000  0.00000000 \\
  0.00000005  0.00035487  0.00000000  0.00035522  0.00000000  0.00013034 \\
  0.00000000  0.00013048  0.00000015  0.00119415  0.00000000  0.00119532 \\
  0.00000000  0.00043867  0.00000000  0.00043915  0.00000000  0.00000003 \\
  0.00000000  0.00000000  0.00000000  0.00000000  0.00000000  0.00000000 \\
  0.00000001  0.00000010  0.00000001  0.00000000  0.00000000  0.00000000 \\
  0.00000000  0.00000000] \\
sum50 =  0.00424578455056 \\
p51 =  [ 0.00000057  0.00000040  0.00000033  0.00000032  0.00000191  0.00000136 \\
  0.00000109  0.00000108  0.00000001  0.00000001  0.00000000  0.00000000 \\
  0.00000000  0.00000000  0.00000000  0.00000000  0.00000005  0.00000003 \\
  0.00000001  0.00000000  0.00000000  0.00000000  0.00000000  0.00000000 \\
  0.00000005  0.00035409  0.00000000  0.00035444  0.00000000  0.00013005 \\
  0.00000000  0.00013019  0.00000015  0.00119154  0.00000000  0.00119271 \\
  0.00000000  0.00043771  0.00000000  0.00043819  0.00000000  0.00000003 \\
  0.00000000  0.00000000  0.00000000  0.00000000  0.00000000  0.00000000 \\
  0.00000001  0.00000010  0.00000001  0.00000000  0.00000000  0.00000000 \\
  0.00000000  0.00000000] \\
sum51 =  0.0042364981389 \\
p52 =  [ 0.00000057  0.00000040  0.00000032  0.00000032  0.00000191  0.00000136 \\
  0.00000109  0.00000108  0.00000001  0.00000001  0.00000000  0.00000000 \\
  0.00000000  0.00000000  0.00000000  0.00000000  0.00000005  0.00000003 \\
  0.00000001  0.00000000  0.00000000  0.00000000  0.00000000  0.00000000 \\
  0.00000004  0.00035332  0.00000000  0.00035367  0.00000000  0.00012977 \\
  0.00000000  0.00012991  0.00000015  0.00118893  0.00000000  0.00119010 \\
  0.00000000  0.00043676  0.00000000  0.00043723  0.00000000  0.00000003 \\
  0.00000000  0.00000000  0.00000000  0.00000000  0.00000000  0.00000000 \\
  0.00000001  0.00000010  0.00000001  0.00000000  0.00000000  0.00000000 \\
  0.00000000  0.00000000] \\
sum52 =  0.0042272320385 \\
p53 =  [ 0.00000057  0.00000040  0.00000032  0.00000032  0.00000190  0.00000135 \\
  0.00000109  0.00000107  0.00000001  0.00000001  0.00000000  0.00000000 \\
  0.00000000  0.00000000  0.00000000  0.00000000  0.00000005  0.00000003 \\
  0.00000001  0.00000000  0.00000000  0.00000000  0.00000000  0.00000000 \\
  0.00000004  0.00035254  0.00000000  0.00035289  0.00000000  0.00012949 \\
  0.00000000  0.00012963  0.00000015  0.00118633  0.00000000  0.00118750 \\
  0.00000000  0.00043580  0.00000000  0.00043628  0.00000000  0.00000003 \\
  0.00000000  0.00000000  0.00000000  0.00000000  0.00000000  0.00000000 \\
  0.00000001  0.00000010  0.00000001  0.00000000  0.00000000  0.00000000 \\
  0.00000000  0.00000000] \\
sum53 =  0.00421798620494 \\
p54 =  [ 0.00000056  0.00000040  0.00000032  0.00000032  0.00000190  0.00000135 \\
  0.00000108  0.00000107  0.00000001  0.00000001  0.00000000  0.00000000 \\
  0.00000000  0.00000000  0.00000000  0.00000000  0.00000005  0.00000003 \\
  0.00000001  0.00000000  0.00000000  0.00000000  0.00000000  0.00000000 \\
  0.00000004  0.00035177  0.00000000  0.00035212  0.00000000  0.00012920 \\
  0.00000000  0.00012934  0.00000015  0.00118374  0.00000000  0.00118490 \\
  0.00000000  0.00043485  0.00000000  0.00043532  0.00000000  0.00000003 \\
  0.00000000  0.00000000  0.00000000  0.00000000  0.00000000  0.00000000 \\
  0.00000001  0.00000010  0.00000001  0.00000000  0.00000000  0.00000000 \\
  0.00000000  0.00000000] \\
sum54 =  0.00420876059389 \\
p55 =  [ 0.00000056  0.00000040  0.00000032  0.00000032  0.00000190  0.00000135 \\
  0.00000108  0.00000107  0.00000001  0.00000001  0.00000000  0.00000000 \\
  0.00000000  0.00000000  0.00000000  0.00000000  0.00000005  0.00000003 \\
  0.00000001  0.00000000  0.00000000  0.00000000  0.00000000  0.00000000 \\
  0.00000004  0.00035100  0.00000000  0.00035135  0.00000000  0.00012892 \\
  0.00000000  0.00012906  0.00000015  0.00118115  0.00000000  0.00118231 \\
  0.00000000  0.00043390  0.00000000  0.00043437  0.00000000  0.00000003 \\
  0.00000000  0.00000000  0.00000000  0.00000000  0.00000000  0.00000000 \\
  0.00000001  0.00000010  0.00000001  0.00000000  0.00000000  0.00000000 \\
  0.00000000  0.00000000] \\
sum55 =  0.00419955516114 \\
p56 =  [ 0.00000056  0.00000040  0.00000032  0.00000032  0.00000189  0.00000135 \\
  0.00000108  0.00000107  0.00000001  0.00000001  0.00000000  0.00000000 \\
  0.00000000  0.00000000  0.00000000  0.00000000  0.00000005  0.00000003 \\
  0.00000001  0.00000000  0.00000000  0.00000000  0.00000000  0.00000000 \\
  0.00000004  0.00035023  0.00000000  0.00035058  0.00000000  0.00012864 \\
  0.00000000  0.00012878  0.00000015  0.00117856  0.00000000  0.00117972 \\
  0.00000000  0.00043295  0.00000000  0.00043342  0.00000000  0.00000003 \\
  0.00000000  0.00000000  0.00000000  0.00000000  0.00000000  0.00000000 \\
  0.00000001  0.00000010  0.00000001  0.00000000  0.00000000  0.00000000 \\
  0.00000000  0.00000000] \\
sum56 =  0.00419036986254 \\
p57 =  [ 0.00000056  0.00000040  0.00000032  0.00000032  0.00000189  0.00000134 \\
  0.00000108  0.00000106  0.00000001  0.00000001  0.00000000  0.00000000 \\
  0.00000000  0.00000000  0.00000000  0.00000000  0.00000005  0.00000003 \\
  0.00000001  0.00000000  0.00000000  0.00000000  0.00000000  0.00000000 \\
  0.00000004  0.00034947  0.00000000  0.00034981  0.00000000  0.00012836 \\
  0.00000000  0.00012850  0.00000015  0.00117599  0.00000000  0.00117714 \\
  0.00000000  0.00043200  0.00000000  0.00043247  0.00000000  0.00000003 \\
  0.00000000  0.00000000  0.00000000  0.00000000  0.00000000  0.00000000 \\
  0.00000001  0.00000010  0.00000001  0.00000000  0.00000000  0.00000000 \\
  0.00000000  0.00000000] \\
sum57 =  0.00418120465406 \\
p58 =  [ 0.00000056  0.00000040  0.00000032  0.00000032  0.00000188  0.00000134 \\
  0.00000108  0.00000106  0.00000001  0.00000001  0.00000000  0.00000000 \\
  0.00000000  0.00000000  0.00000000  0.00000000  0.00000005  0.00000003 \\
  0.00000001  0.00000000  0.00000000  0.00000000  0.00000000  0.00000000 \\
  0.00000004  0.00034870  0.00000000  0.00034904  0.00000000  0.00012808 \\
  0.00000000  0.00012822  0.00000015  0.00117341  0.00000000  0.00117457 \\
  0.00000000  0.00043106  0.00000000  0.00043153  0.00000000  0.00000003 \\
  0.00000000  0.00000000  0.00000000  0.00000000  0.00000000  0.00000000 \\
  0.00000001  0.00000010  0.00000001  0.00000000  0.00000000  0.00000000 \\
  0.00000000  0.00000000] \\
sum58 =  0.00417205949176 \\
p59 =  [ 0.00000056  0.00000040  0.00000032  0.00000032  0.00000188  0.00000134 \\
  0.00000107  0.00000106  0.00000001  0.00000001  0.00000000  0.00000000 \\
  0.00000000  0.00000000  0.00000000  0.00000000  0.00000005  0.00000003 \\
  0.00000001  0.00000000  0.00000000  0.00000000  0.00000000  0.00000000 \\
  0.00000004  0.00034794  0.00000000  0.00034828  0.00000000  0.00012780 \\
  0.00000000  0.00012794  0.00000015  0.00117085  0.00000000  0.00117200 \\
  0.00000000  0.00043011  0.00000000  0.00043058  0.00000000  0.00000003 \\
  0.00000000  0.00000000  0.00000000  0.00000000  0.00000000  0.00000000 \\
  0.00000001  0.00000010  0.00000001  0.00000000  0.00000000  0.00000000 \\
  0.00000000  0.00000000] \\
sum59 =  0.0041629343318 \\
p60 =  [ 0.00000056  0.00000040  0.00000032  0.00000031  0.00000187  0.00000133 \\
  0.00000107  0.00000106  0.00000001  0.00000001  0.00000000  0.00000000 \\
  0.00000000  0.00000000  0.00000000  0.00000000  0.00000005  0.00000003 \\
  0.00000001  0.00000000  0.00000000  0.00000000  0.00000000  0.00000000 \\
  0.00000004  0.00034718  0.00000000  0.00034752  0.00000000  0.00012752 \\
  0.00000000  0.00012766  0.00000015  0.00116829  0.00000000  0.00116943 \\
  0.00000000  0.00042917  0.00000000  0.00042964  0.00000000  0.00000003 \\
  0.00000000  0.00000000  0.00000000  0.00000000  0.00000000  0.00000000 \\
  0.00000001  0.00000010  0.00000001  0.00000000  0.00000000  0.00000000 \\
  0.00000000  0.00000000] \\
sum60 =  0.00415382913044 \\
p61 =  [ 0.00000056  0.00000040  0.00000032  0.00000031  0.00000187  0.00000133 \\
  0.00000107  0.00000105  0.00000001  0.00000001  0.00000000  0.00000000 \\
  0.00000000  0.00000000  0.00000000  0.00000000  0.00000005  0.00000003 \\
  0.00000001  0.00000000  0.00000000  0.00000000  0.00000000  0.00000000 \\
  0.00000004  0.00034642  0.00000000  0.00034676  0.00000000  0.00012724 \\
  0.00000000  0.00012738  0.00000015  0.00116573  0.00000000  0.00116688 \\
  0.00000000  0.00042824  0.00000000  0.00042870  0.00000000  0.00000003 \\
  0.00000000  0.00000000  0.00000000  0.00000000  0.00000000  0.00000000 \\
  0.00000001  0.00000010  0.00000001  0.00000000  0.00000000  0.00000000 \\
  0.00000000  0.00000000] \\
sum61 =  0.00414474384402 \\
p62 =  [ 0.00000056  0.00000040  0.00000032  0.00000031  0.00000187  0.00000133 \\
  0.00000107  0.00000105  0.00000001  0.00000001  0.00000000  0.00000000 \\
  0.00000000  0.00000000  0.00000000  0.00000000  0.00000005  0.00000003 \\
  0.00000001  0.00000000  0.00000000  0.00000000  0.00000000  0.00000000 \\
  0.00000004  0.00034566  0.00000000  0.00034600  0.00000000  0.00012697 \\
  0.00000000  0.00012710  0.00000015  0.00116318  0.00000000  0.00116432 \\
  0.00000000  0.00042730  0.00000000  0.00042776  0.00000000  0.00000003 \\
  0.00000000  0.00000000  0.00000000  0.00000000  0.00000000  0.00000000 \\
  0.00000001  0.00000010  0.00000001  0.00000000  0.00000000  0.00000000 \\
  0.00000000  0.00000000] \\
sum62 =  0.00413567842898 \\
p63 =  [ 0.00000055  0.00000039  0.00000032  0.00000031  0.00000186  0.00000132 \\
  0.00000106  0.00000105  0.00000001  0.00000001  0.00000000  0.00000000 \\
  0.00000000  0.00000000  0.00000000  0.00000000  0.00000005  0.00000003 \\
  0.00000001  0.00000000  0.00000000  0.00000000  0.00000000  0.00000000 \\
  0.00000004  0.00034490  0.00000000  0.00034524  0.00000000  0.00012669 \\
  0.00000000  0.00012683  0.00000015  0.00116064  0.00000000  0.00116178 \\
  0.00000000  0.00042636  0.00000000  0.00042683  0.00000000  0.00000003 \\
  0.00000000  0.00000000  0.00000000  0.00000000  0.00000000  0.00000000 \\
  0.00000001  0.00000010  0.00000001  0.00000000  0.00000000  0.00000000 \\
  0.00000000  0.00000000] \\
sum63 =  0.00412663284186 \\
p64 =  [ 0.00000055  0.00000039  0.00000032  0.00000031  0.00000186  0.00000132 \\
  0.00000106  0.00000105  0.00000001  0.00000001  0.00000000  0.00000000 \\
  0.00000000  0.00000000  0.00000000  0.00000000  0.00000005  0.00000003 \\
  0.00000001  0.00000000  0.00000000  0.00000000  0.00000000  0.00000000 \\
  0.00000004  0.00034415  0.00000000  0.00034448  0.00000000  0.00012641 \\
  0.00000000  0.00012655  0.00000015  0.00115810  0.00000000  0.00115924 \\
  0.00000000  0.00042543  0.00000000  0.00042589  0.00000000  0.00000003 \\
  0.00000000  0.00000000  0.00000000  0.00000000  0.00000000  0.00000000 \\
  0.00000001  0.00000010  0.00000001  0.00000000  0.00000000  0.00000000 \\
  0.00000000  0.00000000] \\
sum64 =  0.0041176070393 \\
p65 =  [ 0.00000055  0.00000039  0.00000032  0.00000031  0.00000185  0.00000132 \\
  0.00000106  0.00000105  0.00000001  0.00000001  0.00000000  0.00000000 \\
  0.00000000  0.00000000  0.00000000  0.00000000  0.00000005  0.00000003 \\
  0.00000001  0.00000000  0.00000000  0.00000000  0.00000000  0.00000000 \\
  0.00000004  0.00034339  0.00000000  0.00034373  0.00000000  0.00012614 \\
  0.00000000  0.00012627  0.00000015  0.00115557  0.00000000  0.00115670 \\
  0.00000000  0.00042450  0.00000000  0.00042496  0.00000000  0.00000003 \\
  0.00000000  0.00000000  0.00000000  0.00000000  0.00000000  0.00000000 \\
  0.00000001  0.00000010  0.00000001  0.00000000  0.00000000  0.00000000 \\
  0.00000000  0.00000000] \\
sum65 =  0.00410860097802
p66 =  [ 0.00000055  0.00000039  0.00000031  0.00000031  0.00000185  0.00000132 \\
  0.00000106  0.00000104  0.00000001  0.00000001  0.00000000  0.00000000 \\
  0.00000000  0.00000000  0.00000000  0.00000000  0.00000005  0.00000003 \\
  0.00000001  0.00000000  0.00000000  0.00000000  0.00000000  0.00000000 \\
  0.00000004  0.00034264  0.00000000  0.00034298  0.00000000  0.00012586 \\
  0.00000000  0.00012600  0.00000015  0.00115304  0.00000000  0.00115417 \\
  0.00000000  0.00042357  0.00000000  0.00042403  0.00000000  0.00000003 \\
  0.00000000  0.00000000  0.00000000  0.00000000  0.00000000  0.00000000 \\
  0.00000001  0.00000010  0.00000001  0.00000000  0.00000000  0.00000000 \\
  0.00000000  0.00000000] \\
sum66 =  0.00409961461485 \\
p67 =  [ 0.00000055  0.00000039  0.00000031  0.00000031  0.00000185  0.00000131 \\
  0.00000105  0.00000104  0.00000001  0.00000001  0.00000000  0.00000000 \\
  0.00000000  0.00000000  0.00000000  0.00000000  0.00000005  0.00000003 \\
  0.00000001  0.00000000  0.00000000  0.00000000  0.00000000  0.00000000 \\
  0.00000004  0.00034189  0.00000000  0.00034223  0.00000000  0.00012559 \\
  0.00000000  0.00012572  0.00000015  0.00115052  0.00000000  0.00115165 \\
  0.00000000  0.00042265  0.00000000  0.00042311  0.00000000  0.00000003 \\
  0.00000000  0.00000000  0.00000000  0.00000000  0.00000000  0.00000000 \\
  0.00000001  0.00000010  0.00000001  0.00000000  0.00000000  0.00000000 \\
  0.00000000  0.00000000] \\
sum67 =  0.00409064790671 \\
p68 =  [ 0.00000055  0.00000039  0.00000031  0.00000031  0.00000184  0.00000131 \\
  0.00000105  0.00000104  0.00000001  0.00000001  0.00000000  0.00000000 \\
  0.00000000  0.00000000  0.00000000  0.00000000  0.00000005  0.00000003 \\
  0.00000001  0.00000000  0.00000000  0.00000000  0.00000000  0.00000000 \\
  0.00000004  0.00034114  0.00000000  0.00034148  0.00000000  0.00012531 \\
  0.00000000  0.00012545  0.00000015  0.00114800  0.00000000  0.00114913 \\
  0.00000000  0.00042172  0.00000000  0.00042218  0.00000000  0.00000003 \\
  0.00000000  0.00000000  0.00000000  0.00000000  0.00000000  0.00000000 \\
  0.00000001  0.00000010  0.00000001  0.00000000  0.00000000  0.00000000 \\
  0.00000000  0.00000000] \\
sum68 =  0.0040817008106 \\
p69 =  [ 0.00000055  0.00000039  0.00000031  0.00000031  0.00000184  0.00000131 \\
  0.00000105  0.00000104  0.00000001  0.00000001  0.00000000  0.00000000 \\
  0.00000000  0.00000000  0.00000000  0.00000000  0.00000005  0.00000003 \\
  0.00000001  0.00000000  0.00000000  0.00000000  0.00000000  0.00000000 \\
  0.00000004  0.00034040  0.00000000  0.00034073  0.00000000  0.00012504 \\
  0.00000000  0.00012517  0.00000015  0.00114549  0.00000000  0.00114661 \\
  0.00000000  0.00042080  0.00000000  0.00042126  0.00000000  0.00000003 \\
  0.00000000  0.00000000  0.00000000  0.00000000  0.00000000  0.00000000 \\
  0.00000001  0.00000010  0.00000001  0.00000000  0.00000000  0.00000000 \\
  0.00000000  0.00000000] \\
sum69 =  0.00407277328364 \\
p70 =  [ 0.00000055  0.00000039  0.00000031  0.00000031  0.00000183  0.00000130 \\
  0.00000105  0.00000103  0.00000001  0.00000001  0.00000000  0.00000000 \\
  0.00000000  0.00000000  0.00000000  0.00000000  0.00000005  0.00000003 \\
  0.00000001  0.00000000  0.00000000  0.00000000  0.00000000  0.00000000 \\
  0.00000004  0.00033965  0.00000000  0.00033999  0.00000000  0.00012477 \\
  0.00000000  0.00012490  0.00000015  0.00114298  0.00000000  0.00114411 \\
  0.00000000  0.00041988  0.00000000  0.00042034  0.00000000  0.00000003 \\
  0.00000000  0.00000000  0.00000000  0.00000000  0.00000000  0.00000000 \\
  0.00000001  0.00000010  0.00000001  0.00000000  0.00000000  0.00000000 \\
  0.00000000  0.00000000] \\
sum70 =  0.00406386528301 \\
p71 =  [ 0.00000054  0.00000039  0.00000031  0.00000031  0.00000183  0.00000130 \\
  0.00000105  0.00000103  0.00000001  0.00000001  0.00000000  0.00000000 \\
  0.00000000  0.00000000  0.00000000  0.00000000  0.00000005  0.00000003 \\
  0.00000001  0.00000000  0.00000000  0.00000000  0.00000000  0.00000000 \\
  0.00000004  0.00033891  0.00000000  0.00033924  0.00000000  0.00012449 \\
  0.00000000  0.00012463  0.00000015  0.00114048  0.00000000  0.00114160 \\
  0.00000000  0.00041896  0.00000000  0.00041942  0.00000000  0.00000003 \\
  0.00000000  0.00000000  0.00000000  0.00000000  0.00000000  0.00000000 \\
  0.00000001  0.00000010  0.00000001  0.00000000  0.00000000  0.00000000 \\
  0.00000000  0.00000000] \\
sum71 =  0.00405497676602 \\
p72 =  [ 0.00000054  0.00000039  0.00000031  0.00000031  0.00000183  0.00000130 \\
  0.00000104  0.00000103  0.00000001  0.00000001  0.00000000  0.00000000 \\
  0.00000000  0.00000000  0.00000000  0.00000000  0.00000005  0.00000003 \\
  0.00000001  0.00000000  0.00000000  0.00000000  0.00000000  0.00000000 \\
  0.00000004  0.00033817  0.00000000  0.00033850  0.00000000  0.00012422 \\
  0.00000000  0.00012436  0.00000014  0.00113799  0.00000000  0.00113911 \\
  0.00000000  0.00041804  0.00000000  0.00041850  0.00000000  0.00000003 \\
  0.00000000  0.00000000  0.00000000  0.00000000  0.00000000  0.00000000 \\
  0.00000001  0.00000010  0.00000001  0.00000000  0.00000000  0.00000000 \\
  0.00000000  0.00000000] \\
sum72 =  0.00404610769005 \\
p73 =  [ 0.00000054  0.00000039  0.00000031  0.00000031  0.00000182  0.00000130 \\
  0.00000104  0.00000103  0.00000001  0.00000001  0.00000000  0.00000000 \\
  0.00000000  0.00000000  0.00000000  0.00000000  0.00000005  0.00000003 \\
  0.00000001  0.00000000  0.00000000  0.00000000  0.00000000  0.00000000 \\
  0.00000004  0.00033743  0.00000000  0.00033776  0.00000000  0.00012395 \\
  0.00000000  0.00012408  0.00000014  0.00113550  0.00000000  0.00113661 \\
  0.00000000  0.00041713  0.00000000  0.00041758  0.00000000  0.00000003 \\
  0.00000000  0.00000000  0.00000000  0.00000000  0.00000000  0.00000000 \\
  0.00000001  0.00000010  0.00000001  0.00000000  0.00000000  0.00000000 \\
  0.00000000  0.00000000] \\
sum73 =  0.00403725801259 \\
p74 =  [ 0.00000054  0.00000038  0.00000031  0.00000031  0.00000182  0.00000129 \\
  0.00000104  0.00000103  0.00000001  0.00000001  0.00000000  0.00000000 \\
  0.00000000  0.00000000  0.00000000  0.00000000  0.00000005  0.00000003 \\
  0.00000001  0.00000000  0.00000000  0.00000000  0.00000000  0.00000000 \\
  0.00000004  0.00033669  0.00000000  0.00033702  0.00000000  0.00012368 \\
  0.00000000  0.00012381  0.00000014  0.00113302  0.00000000  0.00113413 \\
  0.00000000  0.00041622  0.00000000  0.00041667  0.00000000  0.00000003 \\
  0.00000000  0.00000000  0.00000000  0.00000000  0.00000000  0.00000000 \\
  0.00000001  0.00000010  0.00000001  0.00000000  0.00000000  0.00000000 \\
  0.00000000  0.00000000] \\
sum74 =  0.00402842769119 \\
p75 =  [ 0.00000054  0.00000038  0.00000031  0.00000030  0.00000181  0.00000129 \\
  0.00000104  0.00000102  0.00000001  0.00000001  0.00000000  0.00000000 \\
  0.00000000  0.00000000  0.00000000  0.00000000  0.00000005  0.00000003 \\
  0.00000001  0.00000000  0.00000000  0.00000000  0.00000000  0.00000000 \\
  0.00000004  0.00033595  0.00000000  0.00033628  0.00000000  0.00012341 \\
  0.00000000  0.00012354  0.00000014  0.00113054  0.00000000  0.00113165 \\
  0.00000000  0.00041531  0.00000000  0.00041576  0.00000000  0.00000003 \\
  0.00000000  0.00000000  0.00000000  0.00000000  0.00000000  0.00000000 \\
  0.00000001  0.00000010  0.00000001  0.00000000  0.00000000  0.00000000 \\
  0.00000000  0.00000000] \\
sum75 =  0.00401961668353 \\
p76 =  [ 0.00000054  0.00000038  0.00000031  0.00000030  0.00000181  0.00000129 \\
  0.00000103  0.00000102  0.00000001  0.00000001  0.00000000  0.00000000 \\
  0.00000000  0.00000000  0.00000000  0.00000000  0.00000005  0.00000003 \\
  0.00000001  0.00000000  0.00000000  0.00000000  0.00000000  0.00000000 \\
  0.00000004  0.00033522  0.00000000  0.00033555  0.00000000  0.00012314 \\
  0.00000000  0.00012327  0.00000014  0.00112807  0.00000000  0.00112917 \\
  0.00000000  0.00041440  0.00000000  0.00041485  0.00000000  0.00000003 \\
  0.00000000  0.00000000  0.00000000  0.00000000  0.00000000  0.00000000 \\
  0.00000001  0.00000010  0.00000001  0.00000000  0.00000000  0.00000000 \\
  0.00000000  0.00000000] \\
sum76 =  0.00401082494736 \\
p77 =  [ 0.00000054  0.00000038  0.00000031  0.00000030  0.00000181  0.00000128 \\
  0.00000103  0.00000102  0.00000001  0.00000001  0.00000000  0.00000000 \\
  0.00000000  0.00000000  0.00000000  0.00000000  0.00000005  0.00000003 \\
  0.00000001  0.00000000  0.00000000  0.00000000  0.00000000  0.00000000 \\
  0.00000004  0.00033448  0.00000000  0.00033481  0.00000000  0.00012287 \\
  0.00000000  0.00012300  0.00000014  0.00112560  0.00000000  0.00112670 \\
  0.00000000  0.00041349  0.00000000  0.00041394  0.00000000  0.00000003 \\
  0.00000000  0.00000000  0.00000000  0.00000000  0.00000000  0.00000000 \\
  0.00000001  0.00000009  0.00000001  0.00000000  0.00000000  0.00000000 \\
  0.00000000  0.00000000] \\
sum77 =  0.00400205244054 \\
p78 =  [ 0.00000054  0.00000038  0.00000031  0.00000030  0.00000180  0.00000128 \\
  0.00000103  0.00000102  0.00000001  0.00000001  0.00000000  0.00000000 \\
  0.00000000  0.00000000  0.00000000  0.00000000  0.00000005  0.00000003 \\
  0.00000001  0.00000000  0.00000000  0.00000000  0.00000000  0.00000000 \\
  0.00000004  0.00033375  0.00000000  0.00033408  0.00000000  0.00012260 \\
  0.00000000  0.00012273  0.00000014  0.00112314  0.00000000  0.00112424 \\
  0.00000000  0.00041259  0.00000000  0.00041304  0.00000000  0.00000003 \\
  0.00000000  0.00000000  0.00000000  0.00000000  0.00000000  0.00000000 \\
  0.00000001  0.00000009  0.00000001  0.00000000  0.00000000  0.00000000 \\
  0.00000000  0.00000000] \\
sum78 =  0.003993299121 \\
p79 =  [ 0.00000053  0.00000038  0.00000031  0.00000030  0.00000180  0.00000128 \\
  0.00000103  0.00000101  0.00000001  0.00000001  0.00000000  0.00000000 \\
  0.00000000  0.00000000  0.00000000  0.00000000  0.00000005  0.00000003 \\
  0.00000001  0.00000000  0.00000000  0.00000000  0.00000000  0.00000000 \\
  0.00000004  0.00033302  0.00000000  0.00033335  0.00000000  0.00012233 \\
  0.00000000  0.00012247  0.00000014  0.00112068  0.00000000  0.00112178 \\
  0.00000000  0.00041169  0.00000000  0.00041213  0.00000000  0.00000003 \\
  0.00000000  0.00000000  0.00000000  0.00000000  0.00000000  0.00000000 \\
  0.00000001  0.00000009  0.00000001  0.00000000  0.00000000  0.00000000 \\
  0.00000000  0.00000000] \\
sum79 =  0.00398456494678 \\
p80 =  [ 0.00000053  0.00000038  0.00000031  0.00000030  0.00000179  0.00000128 \\
  0.00000102  0.00000101  0.00000001  0.00000001  0.00000000  0.00000000 \\
  0.00000000  0.00000000  0.00000000  0.00000000  0.00000005  0.00000003 \\
  0.00000001  0.00000000  0.00000000  0.00000000  0.00000000  0.00000000 \\
  0.00000004  0.00033229  0.00000000  0.00033262  0.00000000  0.00012207 \\
  0.00000000  0.00012220  0.00000014  0.00111823  0.00000000  0.00111933 \\
  0.00000000  0.00041079  0.00000000  0.00041123  0.00000000  0.00000003 \\
  0.00000000  0.00000000  0.00000000  0.00000000  0.00000000  0.00000000 \\
  0.00000001  0.00000009  0.00000001  0.00000000  0.00000000  0.00000000 \\
  0.00000000  0.00000000] \\
sum80 =  0.00397584987601 \\
p81 =  [ 0.00000053  0.00000038  0.00000030  0.00000030  0.00000179  0.00000127 \\
  0.00000102  0.00000101  0.00000001  0.00000001  0.00000000  0.00000000 \\
  0.00000000  0.00000000  0.00000000  0.00000000  0.00000005  0.00000003 \\
  0.00000001  0.00000000  0.00000000  0.00000000  0.00000000  0.00000000 \\
  0.00000004  0.00033157  0.00000000  0.00033189  0.00000000  0.00012180 \\
  0.00000000  0.00012193  0.00000014  0.00111578  0.00000000  0.00111688 \\
  0.00000000  0.00040989  0.00000000  0.00041033  0.00000000  0.00000003 \\
  0.00000000  0.00000000  0.00000000  0.00000000  0.00000000  0.00000000 \\
  0.00000001  0.00000009  0.00000001  0.00000000  0.00000000  0.00000000 \\
  0.00000000  0.00000000] \\
sum81 =  0.0039671538669 \\
p82 =  [ 0.00000053  0.00000038  0.00000030  0.00000030  0.00000179  0.00000127 \\
  0.00000102  0.00000101  0.00000001  0.00000001  0.00000000  0.00000000 \\
  0.00000000  0.00000000  0.00000000  0.00000000  0.00000005  0.00000003 \\
  0.00000001  0.00000000  0.00000000  0.00000000  0.00000000  0.00000000 \\
  0.00000004  0.00033084  0.00000000  0.00033117  0.00000000  0.00012153 \\
  0.00000000  0.00012166  0.00000014  0.00111334  0.00000000  0.00111444 \\
  0.00000000  0.00040899  0.00000000  0.00040944  0.00000000  0.00000003 \\
  0.00000000  0.00000000  0.00000000  0.00000000  0.00000000  0.00000000 \\
  0.00000001  0.00000009  0.00000001  0.00000000  0.00000000  0.00000000 \\
  0.00000000  0.00000000] \\
sum82 =  0.00395847687776 \\
p83 =  [ 0.00000053  0.00000038  0.00000030  0.00000030  0.00000178  0.00000127 \\
  0.00000102  0.00000101  0.00000001  0.00000001  0.00000000  0.00000000 \\
  0.00000000  0.00000000  0.00000000  0.00000000  0.00000005  0.00000003 \\
  0.00000001  0.00000000  0.00000000  0.00000000  0.00000000  0.00000000 \\
  0.00000004  0.00033012  0.00000000  0.00033044  0.00000000  0.00012127 \\
  0.00000000  0.00012140  0.00000014  0.00111091  0.00000000  0.00111200 \\
  0.00000000  0.00040810  0.00000000  0.00040854  0.00000000  0.00000003 \\
  0.00000000  0.00000000  0.00000000  0.00000000  0.00000000  0.00000000 \\
  0.00000001  0.00000009  0.00000001  0.00000000  0.00000000  0.00000000 \\
  0.00000000  0.00000000] \\
sum83 =  0.003949818867 \\
p84 =  [ 0.00000053  0.00000038  0.00000030  0.00000030  0.00000178  0.00000127 \\
  0.00000102  0.00000100  0.00000001  0.00000001  0.00000000  0.00000000 \\
  0.00000000  0.00000000  0.00000000  0.00000000  0.00000005  0.00000003 \\
  0.00000001  0.00000000  0.00000000  0.00000000  0.00000000  0.00000000 \\
  0.00000004  0.00032940  0.00000000  0.00032972  0.00000000  0.00012100 \\
  0.00000000  0.00012113  0.00000014  0.00110848  0.00000000  0.00110957 \\
  0.00000000  0.00040720  0.00000000  0.00040765  0.00000000  0.00000003 \\
  0.00000000  0.00000000  0.00000000  0.00000000  0.00000000  0.00000000 \\
  0.00000001  0.00000009  0.00000001  0.00000000  0.00000000  0.00000000 \\
  0.00000000  0.00000000] \\
sum84 =  0.00394117979309 \\
p85 =  [ 0.00000053  0.00000038  0.00000030  0.00000030  0.00000177  0.00000126 \\
  0.00000101  0.00000100  0.00000001  0.00000001  0.00000000  0.00000000 \\
  0.00000000  0.00000000  0.00000000  0.00000000  0.00000005  0.00000003 \\
  0.00000001  0.00000000  0.00000000  0.00000000  0.00000000  0.00000000 \\
  0.00000004  0.00032867  0.00000000  0.00032900  0.00000000  0.00012074 \\
  0.00000000  0.00012087  0.00000014  0.00110605  0.00000000  0.00110714 \\
  0.00000000  0.00040631  0.00000000  0.00040675  0.00000000  0.00000003 \\
  0.00000000  0.00000000  0.00000000  0.00000000  0.00000000  0.00000000 \\
  0.00000001  0.00000009  0.00000001  0.00000000  0.00000000  0.00000000 \\
  0.00000000  0.00000000] \\
sum85 =  0.00393255961463 \\
p86 =  [ 0.00000053  0.00000037  0.00000030  0.00000030  0.00000177  0.00000126 \\
  0.00000101  0.00000100  0.00000001  0.00000001  0.00000000  0.00000000 \\
  0.00000000  0.00000000  0.00000000  0.00000000  0.00000005  0.00000003 \\
  0.00000001  0.00000000  0.00000000  0.00000000  0.00000000  0.00000000 \\
  0.00000004  0.00032796  0.00000000  0.00032828  0.00000000  0.00012047 \\
  0.00000000  0.00012060  0.00000014  0.00110363  0.00000000  0.00110472 \\
  0.00000000  0.00040542  0.00000000  0.00040586  0.00000000  0.00000003 \\
  0.00000000  0.00000000  0.00000000  0.00000000  0.00000000  0.00000000 \\
  0.00000001  0.00000009  0.00000001  0.00000000  0.00000000  0.00000000 \\
  0.00000000  0.00000000] \\
  sum86 =  0.00392395829029 \\
p87 =  [ 0.00000053  0.00000037  0.00000030  0.00000030  0.00000177  0.00000126 \\
  0.00000101  0.00000100  0.00000001  0.00000001  0.00000000  0.00000000 \\
  0.00000000  0.00000000  0.00000000  0.00000000  0.00000005  0.00000003 \\
  0.00000001  0.00000000  0.00000000  0.00000000  0.00000000  0.00000000 \\
  0.00000004  0.00032724  0.00000000  0.00032756  0.00000000  0.00012021 \\
  0.00000000  0.00012034  0.00000014  0.00110122  0.00000000  0.00110230 \\
  0.00000000  0.00040454  0.00000000  0.00040498  0.00000000  0.00000003 \\
  0.00000000  0.00000000  0.00000000  0.00000000  0.00000000  0.00000000 \\
  0.00000001  0.00000009  0.00000001  0.00000000  0.00000000  0.00000000 \\
  0.00000000  0.00000000] \\
sum87 =  0.00391537577882 \\
p88 =  [ 0.00000052  0.00000037  0.00000030  0.00000030  0.00000176  0.00000125 \\
  0.00000101  0.00000099  0.00000001  0.00000001  0.00000000  0.00000000 \\
  0.00000000  0.00000000  0.00000000  0.00000000  0.00000005  0.00000003 \\
  0.00000001  0.00000000  0.00000000  0.00000000  0.00000000  0.00000000 \\
  0.00000004  0.00032652  0.00000000  0.00032684  0.00000000  0.00011995 \\
  0.00000000  0.00012008  0.00000014  0.00109881  0.00000000  0.00109989 \\
  0.00000000  0.00040365  0.00000000  0.00040409  0.00000000  0.00000003 \\
  0.00000000  0.00000000  0.00000000  0.00000000  0.00000000  0.00000000 \\
  0.00000001  0.00000009  0.00000001  0.00000000  0.00000000  0.00000000 \\
  0.00000000  0.00000000] \\
sum88 =  0.00390681203908 \\
p89 =  [ 0.00000052  0.00000037  0.00000030  0.00000030  0.00000176  0.00000125 \\
  0.00000100  0.00000099  0.00000001  0.00000001  0.00000000  0.00000000 \\
  0.00000000  0.00000000  0.00000000  0.00000000  0.00000005  0.00000003 \\
  0.00000001  0.00000000  0.00000000  0.00000000  0.00000000  0.00000000 \\
  0.00000004  0.00032581  0.00000000  0.00032613  0.00000000  0.00011969 \\
  0.00000000  0.00011982  0.00000014  0.00109641  0.00000000  0.00109748 \\
  0.00000000  0.00040277  0.00000000  0.00040321  0.00000000  0.00000003 \\
  0.00000000  0.00000000  0.00000000  0.00000000  0.00000000  0.00000000 \\
  0.00000001  0.00000009  0.00000001  0.00000000  0.00000000  0.00000000 \\
  0.00000000  0.00000000] \\
sum89 =  0.00389826703002 \\
p90 =  [ 0.00000052  0.00000037  0.00000030  0.00000029  0.00000176  0.00000125 \\
  0.00000100  0.00000099  0.00000001  0.00000001  0.00000000  0.00000000 \\
  0.00000000  0.00000000  0.00000000  0.00000000  0.00000005  0.00000003 \\
  0.00000001  0.00000000  0.00000000  0.00000000  0.00000000  0.00000000 \\
  0.00000004  0.00032510  0.00000000  0.00032541  0.00000000  0.00011942 \\
  0.00000000  0.00011955  0.00000014  0.00109401  0.00000000  0.00109508 \\
  0.00000000  0.00040189  0.00000000  0.00040233  0.00000000  0.00000003 \\
  0.00000000  0.00000000  0.00000000  0.00000000  0.00000000  0.00000000 \\
  0.00000001  0.00000009  0.00000001  0.00000000  0.00000000  0.00000000 \\
  0.00000000  0.00000000] \\
sum90 =  0.00388974071066 \\
p91 =  [ 0.00000052  0.00000037  0.00000030  0.00000029  0.00000175  0.00000125 \\
  0.00000100  0.00000099  0.00000001  0.00000001  0.00000000  0.00000000 \\
  0.00000000  0.00000000  0.00000000  0.00000000  0.00000005  0.00000003 \\
  0.00000001  0.00000000  0.00000000  0.00000000  0.00000000  0.00000000 \\
  0.00000004  0.00032438  0.00000000  0.00032470  0.00000000  0.00011916 \\
  0.00000000  0.00011929  0.00000014  0.00109162  0.00000000  0.00109269 \\
  0.00000000  0.00040101  0.00000000  0.00040145  0.00000000  0.00000003 \\
  0.00000000  0.00000000  0.00000000  0.00000000  0.00000000  0.00000000 \\
  0.00000001  0.00000009  0.00000001  0.00000000  0.00000000  0.00000000 \\
  0.00000000  0.00000000] \\
sum91 =  0.00388123304013 \\
p92 =  [ 0.00000052  0.00000037  0.00000030  0.00000029  0.00000175  0.00000124 \\
  0.00000100  0.00000099  0.00000001  0.00000001  0.00000000  0.00000000 \\
  0.00000000  0.00000000  0.00000000  0.00000000  0.00000005  0.00000003 \\
  0.00000001  0.00000000  0.00000000  0.00000000  0.00000000  0.00000000 \\
  0.00000004  0.00032367  0.00000000  0.00032399  0.00000000  0.00011890 \\
  0.00000000  0.00011903  0.00000014  0.00108923  0.00000000  0.00109030 \\
  0.00000000  0.00040013  0.00000000  0.00040057  0.00000000  0.00000003 \\
  0.00000000  0.00000000  0.00000000  0.00000000  0.00000000  0.00000000 \\
  0.00000001  0.00000009  0.00000001  0.00000000  0.00000000  0.00000000 \\
  0.00000000  0.00000000] \\
sum92 =  0.00387274397764 \\
p93 =  [ 0.00000052  0.00000037  0.00000030  0.00000029  0.00000174  0.00000124 \\
  0.00000100  0.00000098  0.00000001  0.00000001  0.00000000  0.00000000 \\
  0.00000000  0.00000000  0.00000000  0.00000000  0.00000005  0.00000003 \\
  0.00000001  0.00000000  0.00000000  0.00000000  0.00000000  0.00000000 \\
  0.00000004  0.00032297  0.00000000  0.00032328  0.00000000  0.00011864 \\
  0.00000000  0.00011877  0.00000014  0.00108685  0.00000000  0.00108791 \\
  0.00000000  0.00039926  0.00000000  0.00039969  0.00000000  0.00000003 \\
  0.00000000  0.00000000  0.00000000  0.00000000  0.00000000  0.00000000 \\
  0.00000001  0.00000009  0.00000001  0.00000000  0.00000000  0.00000000 \\
  0.00000000  0.00000000] \\
sum93 =  0.00386427348249 \\
p94 =  [ 0.00000052  0.00000037  0.00000030  0.00000029  0.00000174  0.00000124 \\
  0.00000099  0.00000098  0.00000001  0.00000001  0.00000000  0.00000000 \\
  0.00000000  0.00000000  0.00000000  0.00000000  0.00000005  0.00000003 \\
  0.00000001  0.00000000  0.00000000  0.00000000  0.00000000  0.00000000 \\
  0.00000004  0.00032226  0.00000000  0.00032258  0.00000000  0.00011838 \\
  0.00000000  0.00011851  0.00000014  0.00108447  0.00000000  0.00108553 \\
  0.00000000  0.00039838  0.00000000  0.00039882  0.00000000  0.00000003 \\
  0.00000000  0.00000000  0.00000000  0.00000000  0.00000000  0.00000000 \\
  0.00000001  0.00000009  0.00000001  0.00000000  0.00000000  0.00000000 \\
  0.00000000  0.00000000] \\
sum94 =  0.00385582151407 \\
p95 =  [ 0.00000052  0.00000037  0.00000030  0.00000029  0.00000174  0.00000124 \\
  0.00000099  0.00000098  0.00000001  0.00000001  0.00000000  0.00000000 \\
  0.00000000  0.00000000  0.00000000  0.00000000  0.00000005  0.00000003 \\
  0.00000001  0.00000000  0.00000000  0.00000000  0.00000000  0.00000000 \\
  0.00000004  0.00032156  0.00000000  0.00032187  0.00000000  0.00011812 \\
  0.00000000  0.00011825  0.00000014  0.00108210  0.00000000  0.00108316 \\
  0.00000000  0.00039751  0.00000000  0.00039795  0.00000000  0.00000003 \\
  0.00000000  0.00000000  0.00000000  0.00000000  0.00000000  0.00000000 \\
  0.00000001  0.00000009  0.00000001  0.00000000  0.00000000  0.00000000 \\
  0.00000000  0.00000000] \\
sum95 =  0.00384738803185 \\
p96 =  [ 0.00000052  0.00000037  0.00000029  0.00000029  0.00000173  0.00000123 \\
  0.00000099  0.00000098  0.00000001  0.00000001  0.00000000  0.00000000 \\
  0.00000000  0.00000000  0.00000000  0.00000000  0.00000005  0.00000003 \\
  0.00000001  0.00000000  0.00000000  0.00000000  0.00000000  0.00000000 \\
  0.00000004  0.00032085  0.00000000  0.00032117  0.00000000  0.00011787 \\
  0.00000000  0.00011799  0.00000014  0.00107973  0.00000000  0.00108079 \\
  0.00000000  0.00039664  0.00000000  0.00039707  0.00000000  0.00000003 \\
  0.00000000  0.00000000  0.00000000  0.00000000  0.00000000  0.00000000 \\
  0.00000001  0.00000009  0.00000001  0.00000000  0.00000000  0.00000000 \\
  0.00000000  0.00000000] \\
sum96 =  0.00383897299541 \\
p97 =  [ 0.00000044  0.00000031  0.00000024  0.00000024  0.00000140  0.00000100 \\
  0.00000080  0.00000079  0.00000001  0.00000001  0.00000000  0.00000000 \\
  0.00000000  0.00000000  0.00000000  0.00000000  0.00000004  0.00000002 \\
  0.00000001  0.00000000  0.00000000  0.00000000  0.00000000  0.00000000 \\
  0.00000003  0.00031708  0.00000000  0.00031896  0.00000000  0.00011648 \\
  0.00000000  0.00011718  0.00000011  0.00088052  0.00000000  0.00088816 \\
  0.00000000  0.00032346  0.00000000  0.00032630  0.00000000  0.00000002 \\
  0.00000000  0.00000000  0.00000000  0.00000000  0.00000000  0.00000000 \\
  0.00000001  0.00000007  0.00000001  0.00000000  0.00000000  0.00000000 \\
  0.00000000  0.00000000] \\
sum97 =  0.00329375511026 \\
p98 =  [ 0.00000027  0.00000020  0.00000014  0.00000015  0.00000073  0.00000052 \\
  0.00000041  0.00000041  0.00000001  0.00000000  0.00000000  0.00000000 \\
  0.00000000  0.00000000  0.00000000  0.00000000  0.00000002  0.00000001 \\
  0.00000000  0.00000000  0.00000000  0.00000000  0.00000000  0.00000000 \\
  0.00000002  0.00029162  0.00000000  0.00030587  0.00000000  0.00010713 \\
  0.00000000  0.00011238  0.00000006  0.00046987  0.00000000  0.00048877 \\
  0.00000000  0.00017261  0.00000000  0.00017957  0.00000000  0.00000001 \\
  0.00000000  0.00000000  0.00000000  0.00000000  0.00000000  0.00000000 \\
  0.00000000  0.00000004  0.00000001  0.00000000  0.00000000  0.00000000 \\
  0.00000000  0.00000000] \\
sum98 =  0.00213085126267 \\
p99 =  [ 0.00000007  0.00000007  0.00000002  0.00000004  0.00000001  0.00000001 \\
  0.00000000  0.00000001  0.00000000  0.00000000  0.00000000  0.00000000 \\
  0.00000000  0.00000000  0.00000000  0.00000000  0.00000000  0.00000000 \\
  0.00000000  0.00000000  0.00000000  0.00000000  0.00000000  0.00000000 \\
  0.00000001  0.00015844  0.00000000  0.00023816  0.00000000  0.00005821 \\
  0.00000000  0.00008750  0.00000000  0.00002716  0.00000000  0.00005382 \\
  0.00000000  0.00000998  0.00000000  0.00001977  0.00000000  0.00000000 \\
  0.00000000  0.00000000  0.00000000  0.00000000  0.00000000  0.00000000 \\
  0.00000000  0.00000000  0.00000000  0.00000000  0.00000000  0.00000000 \\
  0.00000000  0.00000000] \\
sum99 =  0.000653287694811
sum =  1.0