lambda = 0.822134977157
h = 2.00021741773
mu_1 = 10.0
mu_2 = 1.0
phi = 0.990295107942
1 / kappa_2 = 111.111656026
1 / kappa_1 = 3.33334968077, 0.303031789161, 0.158730937179, 0.107527409057, 0.0813012117261, 0.0653597976621, 0.0546450767339, 0.0469485870531, 0.0411524651947, 0.0366302162722, 0.0330034621858, 0.0300301773042, 0.0275483444692, 0.0254454174105, 0.0236407778778, 0.0220751634488, 0.0207040352843, 0.019493272987, 0.0184162965788, 0.0174520925695, 0.0165838292576
P- = 0.0126509791965, 0.00115498321346, 0.000568717164858, 0.000375871018336, 0.000281121654552, 0.000224991581352, 0.000187909899497, 0.00016159766502, 0.000141960552385, 0.000126744416114, 0.00011460674371, 0.000104698415148, 9.64562264857e-05, 8.94919666469e-05, 8.35292600451e-05, 7.83661436919e-05, 7.385155378e-05, 6.98701638322e-05, 6.63325553071e-05, 6.31681687649e-05, 6.03207356986e-05
khi1 + khi2 = 0.653866078453, 0.653060748848, 0.652091400335, 0.651572598535, 0.651254837969, 0.651040537696, 0.65088603067, 0.650769254069, 0.650677745464, 0.650604018456, 0.650543289465, 0.650492357574, 0.650448998717, 0.650411675357, 0.650379101255, 0.650350448899, 0.650325098829, 0.65030240563, 0.650282066814, 0.650263627953, 0.65024693406
1 / kappa_2 = 1.11111656026
1 / kappa_1 = 3.33334968077, 0.303031789161, 0.158730937179, 0.107527409057, 0.0813012117261, 0.0653597976621, 0.0546450767339, 0.0469485870531, 0.0411524651947, 0.0366302162722, 0.0330034621858, 0.0300301773042, 0.0275483444692, 0.0254454174105, 0.0236407778778, 0.0220751634488, 0.0207040352843, 0.019493272987, 0.0184162965788, 0.0174520925695, 0.0165838292576
P- = 0.0300086681346, 0.00830994364077, 0.00593750082761, 0.0048013795405, 0.00408517407424, 0.00357798840234, 0.00319485272089, 0.00289308977927, 0.00264827168916, 0.00244516049568, 0.00227365399022, 0.00212674275921, 0.00199938764592, 0.00188786100915, 0.0017893396458, 0.0017016425129, 0.00162305582006, 0.00155221295784, 0.00148801000363, 0.00142954497508, 0.00137607332905
khi1 + khi2 = 0.667554616781, 0.73435111108, 0.779946884376, 0.813028741318, 0.838129953944, 0.857829740866, 0.873703739845, 0.886768966667, 0.897711246819, 0.907009896313, 0.915010016044, 0.921966400494, 0.928071265943, 0.933472352436, 0.938285085359, 0.942600953126, 0.946493406856, 0.950022097027, 0.953235969506, 0.956175563851, 0.958874743821
1 / kappa_2 = 0.0111111656026
1 / kappa_1 = 3.33334968077, 0.303031789161, 0.158730937179, 0.107527409057, 0.0813012117261, 0.0653597976621, 0.0546450767339, 0.0469485870531, 0.0411524651947, 0.0366302162722, 0.0330034621858, 0.0300301773042, 0.0275483444692, 0.0254454174105, 0.0236407778778, 0.0220751634488, 0.0207040352843, 0.019493272987, 0.0184162965788, 0.0174520925695, 0.0165838292576
P- = 0.0305729686655, 0.00910149994955, 0.0068515895867, 0.00576456643516, 0.0050598310715, 0.00454441074656, 0.00414270716364, 0.00381714541346, 0.0035461557208, 0.00331612844212, 0.00311789190733, 0.00294496076699, 0.0027925794406, 0.00265715922566, 0.0025359289018, 0.00242670696038, 0.00232774878664, 0.00223763954241, 0.0021552181119, 0.00207952163406, 0.00200974388016
khi1 + khi2 = 0.667898916997, 0.7426703388, 0.800456473395, 0.846417033025, 0.883848067092, 0.914924865134, 0.941140823453, 0.963555421166, 0.982940969743, 0.999873896976, 1.01479310407, 1.02803856043, 1.0398778601, 1.05052441086, 1.06015055081, 1.06889683144, 1.07687921417, 1.08419410884, 1.0909223532, 1.09713227789, 1.10288187929
