lambda = 0.822134977157
h = 2.00021741773
mu_1 = 10.0
mu_2 = 1.0
phi = 0.990295107942
1 / kappa_2 = 111.111656026
1 / kappa_1 = 3.33334968077, 0.833337420192, 0.370372186752, 0.208334355048, 0.133333987231, 0.092593046688, 0.0680275445055, 0.052083588762, 0.0411524651947, 0.0333334968077, 0.0275483444692, 0.023148261672, 0.0197239626081, 0.0170068861264, 0.0148148874701, 0.0130208971905, 0.0115340819404, 0.0102881162987, 0.0092336556254, 0.00833337420192
P- = 0.0126509791965, 0.00350839953076, 0.00144352599751, 0.000764060671935, 0.000471841299395, 0.000321558233825, 0.000234305327637, 0.000179122791821, 0.000141960552385, 0.000115708897723, 9.64562264857e-05, 8.19040763573e-05, 7.06283820399e-05, 6.17079017853e-05, 5.45246420459e-05, 4.865126897e-05, 4.37844632965e-05, 3.97040172217e-05, 3.62468786821e-05, 3.32902148633e-05
khi1 + khi2 = 0.653866078453, 0.654147740948, 0.653349763646, 0.652493108443, 0.651849144576, 0.651396623449, 0.651077627087, 0.650847751447, 0.650677745464, 0.650548872333, 0.650448998717, 0.65037014518, 0.650306736804, 0.650255085356, 0.650212421348, 0.650176771305, 0.6501466721, 0.65012102084, 0.650098973747, 0.650079941267
1 / kappa_2 = 1.11111656026
1 / kappa_1 = 3.33334968077, 0.833337420192, 0.370372186752, 0.208334355048, 0.133333987231, 0.092593046688, 0.0680275445055, 0.052083588762, 0.0411524651947, 0.0333334968077, 0.0275483444692, 0.023148261672, 0.0197239626081, 0.0170068861264, 0.0148148874701, 0.0130208971905, 0.0115340819404, 0.0102881162987, 0.0092336556254, 0.00833337420192
P- = 0.0300086681346, 0.0142269848333, 0.00922169441669, 0.00684713349612, 0.00540719352864, 0.00440878958546, 0.00366763506341, 0.00309713274456, 0.00264827168916, 0.00228960039176, 0.00199938764592, 0.00176197973188, 0.00156581824883, 0.00140222633117, 0.00126460735671, 0.00114789201677, 0.00104814657644, 0.000962290559379, 0.000887890736785, 0.000823009245979
khi1 + khi2 = 0.667554616781, 0.690607106122, 0.723080231389, 0.759119101187, 0.794366619344, 0.826384659747, 0.854236274037, 0.877882011624, 0.897711246819, 0.9142606132, 0.928071265943, 0.939628368869, 0.949342976997, 0.957553311554, 0.964533528426, 0.970504342677, 0.975643101437, 0.980092455728, 0.983967482348, 0.987361389488
1 / kappa_2 = 0.0111111656026
1 / kappa_1 = 3.33334968077, 0.833337420192, 0.370372186752, 0.208334355048, 0.133333987231, 0.092593046688, 0.0680275445055, 0.052083588762, 0.0411524651947, 0.0333334968077, 0.0275483444692, 0.023148261672, 0.0197239626081, 0.0170068861264, 0.0148148874701, 0.0130208971905, 0.0115340819404, 0.0102881162987, 0.0092336556254, 0.00833337420192
P- = 0.0305729686655, 0.0148558893213, 0.00997460421563, 0.00771249498023, 0.00634716433257, 0.00538101943625, 0.00463675143692, 0.00403823501207, 0.0035461557208, 0.00313648572031, 0.0027925794406, 0.00250198815703, 0.00225501236707, 0.00204393806508, 0.00186256453255, 0.00170587737129, 0.00156980358968, 0.00145102196736, 0.00134681430595, 0.00125494696062
khi1 + khi2 = 0.667898916997, 0.692502797159, 0.729281499782, 0.773309908556, 0.820042948738, 0.866042912884, 0.909138727544, 0.948224622339, 0.982940969743, 1.0133814752, 1.0398778601, 1.06286111593, 1.08278045114, 1.10006132906, 1.11508618888, 1.12818893953, 1.13965587736, 1.14972976389, 1.15861546863, 1.16648525343
